89,28
150,996
143,854
1103,206
1256,872
1549,602
2020,811
2173,273
59,454
155,508
3299,520
70,274
9171,579
3324,123
7266,294
4301,513
90,264
2819,615
165,667
663,775
112,624
1100,479
331,17
1919,806
283,113
2357,606
377,959
191,679
129,263
229,134
60,526
637,853
776,671
1639,35
2577,825
2457,811
1044,414
1241,381
180,463
124,75
544,123
984,407
1107,79
1524,208
1843,552
2198,121
2111,175
66,152
272,310
71,308
50,637
161,76
837,622
2284,906
2419,309
2441,344
3080,948
3179,659
171,183
402,368
506,150
770,896
910,262
1815,447
2673,599
2772,766
3395,788
4800,894
96,329
102,387
146,828
1299,672
608,856
38,555
3131,673
4227,794
4138,706
4802,824
66,181
150,762
89,758
777,710
857,437
1177,552
1782,219
1906,976
216,87
71,132
101,848
1866,140
206,319
7790,769
2400,108
3059,487
57,492
48,425
9522,262
294,30
9928,940
9995,477
2068,800
1716,795
2587,738
2910,393
68,808
51,657
531,65
1659,44
1036,297
1200,328
1863,150
3186,917
3295,466
2351,978
19,57
34,575
255,966
19,52
644,371
802,432
1929,870
1360,973
61,194
116,604
16,654
1635,460
81,491
52,210
1871,359
44,182
55,14
282,526
17,324
97,339
262,505
102,116
368,644
920,605
1665,460
1629,788
116,781
91,851
196,20
1579,172
49,154
18,866
14,7
304,940
484,914
938,871
1403,903
70,322
17,148
68,529
36,308
22,654
548,823
428,600
786,371
856,230
981,6
1853,445
1843,673
2016,949
127,606
22,851
297,556
458,82
311,281
416,361
1653,806
1404,63
36,793
205,948
456,765
634,458
1500,907
1366,180
1592,45
1613,493
77,564
84,623
275,223
9081,978
10201,850
13785,516
8072,505
8559,321
9265,290
375,258
88,246
137,507
22,222
60,642
402,119
1094,535
1430,638
2568,677
4135,775
4814,769
535,944
72,345
61,611
57,264
37,703
6682,672
4973,924
6135,438
3814,132
3466,14
5821,635
6840,361
231,356
162,292
300,102
3936,500
4367,392
6289,833
6434,720
5904,421
7005,415
4573,956
64,466
106,598
50,111
15,740
1029,345
1040,841
1717,832
1844,840
2015,565
1609,880
170,307
21,23
20,525
347,994
682,752
1762,554
1741,889
1731,959
195,465
668,716
143,379
360,392
448,939
689,893
1522,432
1607,609
311,456
8123,348
16,569
1188,483
6724,782
1177,289
77,22
2244,894
6206,822
2833,684
5727,937
1165,830
1161,940
2080,905
2123,276
2085,399
62,191
742,91
10686,426
10747,821
10912,906
11165,782
1634,238
1882,649
1556,409
1888,662
422,489
610,346
521,422
678,995
1448,711
1504,778
146,579
48,485
11,682
1686,357
61,585
18,930
49,789
423,665
347,738
1492,421
1154,873
1707,819
1439,951
513,132
25,192
91,332
306,977
413,797
966,994
1549,357
1716,864
8966,978
8969,751
9200,672
156,352
39,316
356,412
18,316
13,436
169,755
116,632
112,342
41,18
887,931
35,495
65,780
18,513
602,803
805,699
1020,107
664,173
38,581
315,752
11,669
8449,853
8747,406
1531,421
8718,352
550,344
437,169
661,464
381,750
443,138
1003,449
1286,24
1317,0
1774,751
2043,674
2071,307
2246,420
3162,504
96,57
39,838
195,654
24,658
977,212
891,107
1099,204
2509,898
2152,57
1093,619
50,950
89,963
17,442
353,426
413,788
546,853
1507,960
1705,357
1820,399
1999,335
570,308
14,373
82,169
591,391
34,202
941,43
1099,590
1720,868
2369,950
2073,962
56,232
101,486
61,955
397,993
11,40
15,866
708,988
1283,128
1084,627
18,478
25,980
38,630
469,270
532,298
880,83
754,650
899,393
36,25
541,886
1025,511
197,369
39,485
261,179
340,125
498,168
1174,635
924,791
1627,206
1620,917
70,30
37,134
100,316
9,648
55,22
10,367
525,328
555,163
32,830
635,419
1395,478
66,732
38,4
254,212
11,101
122,500
449,699
476,342
530,142
1285,589
1203,758
16,66
37,48
17,408
17,60
10,655
299,862
733,610
397,883
190,93
16,823
34,802
73,98
50,8
276,854
14,93
12,204
868,575
517,945
361,683
14,279
50,616
38,34
52,429
64,303
27,151
339,224
253,285
1119,860
102,868
1355,77
48,732
93,158
16,488
16,295
334,948
291,275
692,535
1044,891
1093,536
1360,511
132,341
80,342
92,791
336,67
407,776
1348,965
1450,127
1290,575
2819,656
2969,304
54,571
15,807
13,400
54,62
14,268
373,495
121,591
20,39
1251,922
1299,882
16,203
64,402
26,276
22,996
309,85
23,871
337,561
1086,656
1241,451
1765,524
54,167
13,974
14,74
50,601
249,796
297,97
349,591
358,0
1002,884
953,761
34,168
52,431
22,214
150,64
71,3
529,465
583,720
673,121
710,592
1541,984
1879,440
9,753
24,721
9,259
9,487
365,60
14,292
448,261
434,509
971,386
433,784
13,256
21,26
30,250
10,681
35,923
220,241
13,267
16,561
582,899
1328,948
55,643
42,956
41,327
13,708
381,25
403,691
381,33
1045,234
31,913
932,657
1052,22
1285,303
10509,892
10528,631
3784,486
3664,823
4190,596
1140,488
55,696
120,910
12,867
215,44
828,88
1630,530
1641,170
996,270
1211,95
46,80
53,466
275,118
162,609
486,404
544,490
677,594
772,79
1692,232
1778,882
1864,167
22,52
9,948
9,138
89,94
9,182
13,139
671,918
966,210
1001,770
1668,944
20,522
16,980
50,61
220,823
244,299
713,589
861,920
18,258
85,480
250,491
39,436
226,492
140,12
306,925
353,949
406,526
466,565
866,589
1399,761
1509,599
255,457
13,103
58,112
422,872
237,62
1113,52
22,594
674,338
726,55
611,532
36,626
15,699
71,350
101,861
16,422
82,967
109,784
82,883
292,720
303,249
230,630
99,65
34,467
23,948
11,785
1127,116
1147,81
1217,195
1435,589
1034,537
19,442
242,460
360,859
11,756
15,55
456,718
801,37
891,57
897,476
185,440
28,663
21,21
19,342
652,680
639,494
474,452
1770,767
1696,285
48,661
2676,781
29,115
70,843
15,33
11,601
459,168
385,202
1289,803
1629,457
1580,636
13,292
13,762
14,693
14,257
326,678
688,488
1890,949
12,173
16,305
57,173
614,218
42,698
22,930
354,471
248,330
327,303
283,59
322,240
1123,902
23,732
6184,487
139,902
36,169
35,537
59,259
526,472
653,422
1421,868
1899,748
1837,227
58,104
43,61
182,570
121,137
12,779
16,23
482,313
443,976
635,598
1283,253
1252,267
19,517
33,32
22,64
13,245
452,872
379,19
35,84
10,832
465,103
702,106
106,306
96,521
9,31
25,670
875,796
1946,891
2909,956
2707,316
1964,316
2878,503
30,400
19,851
112,537
23,435
1082,804
1334,272
1171,711
1938,661
99,226
2281,550
63,369
349,368
46,473
463,688
196,541
377,466
516,361
1235,966
59,333
231,576
34,884
43,559
39,273
671,29
1233,607
1251,702
831,232
838,579
898,913
635,279
10,187
40,760
370,60
23,547
541,551
928,418
997,7
24,516
118,313
162,486
13,689
62,280
278,51
9,199
68,869
30,74
195,284
1291,152
17,380
177,71
65,27
49,258
22,187
23,502
10,153
237,931
1111,621
1597,986
1800,818
3709,987
83,506
13,235
21,248
22,586
153,20
11,195
236,332
662,829
478,691
4268,480
18,70
33,261
27,641
74,462
11,198
451,97
498,180
649,935
849,588
69,875
66,803
42,627
246,80
11,33
206,274
226,133
446,898
381,378
986,774
28,217
17,856
76,786
233,813
343,831
416,410
29,744
689,818
724,913
49,67
43,145
38,244
10911,602
2267,699
2590,234
2481,215
3212,868
3318,611
2538,59
2471,979
24,845
28,26
25,523
1918,344
2038,358
2301,646
3081,411
2803,95
2665,179
1960,662
51,569
30,116
16,1
2724,793
2687,812
3104,801
3063,565
3598,738
3721,176
3785,130
22,111
36,441
12,106
79,621
4982,413
4463,761
4511,664
5136,606
5416,687
5474,250
26,848
25,428
19,421
72,57
5015,619
5053,577
5227,846
6205,708
6534,533
6548,691
22,648
45,106
91,44
4316,628
4678,723
4704,855
5171,378
5226,360
5647,583
58,60
61,367
5016,425
6601,714
6811,26
7133,967
7157,957
6515,384
6752,502
7277,723
25,606
5271,139
5175,771
5871,712
6009,726
6235,652
6256,412
5162,497
6340,863
6873,283
44,185
77,206
5625,597
5572,417
6077,299
5992,268
6162,546
6314,112
6266,270
6460,307
22,954
3981,168
4001,663
4171,343
4123,337
4217,442
4170,503
4360,297
5750,891
5782,164
22,567
25,409
9,270
17,18
3744,990
4484,762
4340,863
4357,373
4001,358
4012,886
52,82
84,982
4608,471
4885,194
4596,832
5791,527
5874,927
6030,457
23,276
25,512
23,31
15378,838
15740,785
3417,347
3624,983
4259,256
3352,484
4390,893
43,721
127,22
110,123
109,262
2434,574
2281,844
2572,451
2617,471
2747,278
2812,534
30,114
190,163
284,628
485,467
553,722
481,706
764,14
797,714
797,192
1508,261
18,35
22,314
13,823
107,449
13,43
17,39
381,930
624,624
337,239
598,649
45,149
71,64
11,658
11,639
602,650
626,290
558,404
48,698
1152,820
64,509
13,452
12,269
206,19
11,287
94,914
82,344
1512,857
2201,964
1709,48
1250,577
27,312
78,460
10,804
25,399
948,587
454,742
995,402
866,439
9,289
866,966
27,860
16,651
12,428
12,174
12,892
403,306
174,517
333,759
23,506
62,268
240,504
15,39
404,410
380,752
180,714
196,957
41,42
697,571
27,427
81,796
29,941
21,852
13,76
214,314
526,796
836,922
785,842
12,284
3903,734
3875,652
29,706
8,742
14,77
32,259
11,786
58,517
358,275
3394,877
3208,647
3366,575
29,842
16,814
9,200
11,64
13,560
2212,561
2478,690
2345,42
2646,197
2814,299
32,469
123,414
64,503
148,95
235,793
324,817
206,176
15,160
3559,949
3555,488
64,743
24,254
34,533
331,76
431,709
737,971
24,47
13,553
391,47
6251,577
21,130
9,412
57,959
44,137
355,509
13,502
16,587
11,273
11,227
65,177
669,87
343,181
66,556
61,311
923,808
63,662
83,436
273,888
295,798
568,430
14,342
16,260
29,472
4009,900
4221,708
2480,941
4052,799
3048,679
22,82
43,111
15089,758
15074,808
4046,617
4179,713
4048,558
4616,350
4827,329
4637,682
112,605
163,253
138,198
4836,919
5292,644
5527,662
5862,853
6089,588
25,34
15,35
17262,747
8626,521
8788,171
9165,679
9024,820
8896,778
8732,312
17583,715
64,31
20,174
15,150
10411,924
10439,974
10322,760
11142,779
11138,523
11330,720
24,139
22044,435
12705,124
12834,352
12864,603
3593,614
3590,170
4052,887
4204,750
4924,352
32,177
62,94
17,3
4769,54
4347,562
4664,952
4550,892
4845,278
4932,175
5840,784
29,96
13,82
71,687
15,239
3138,742
2946,483
2882,652
3026,349
3345,420
3289,854
36,346
160,896
430,236
1241,674
1047,365
1218,338
982,80
77,198
5114,977
4873,578
222,120
90,831
73,675
3153,906
4055,512
3202,917
4384,591
4645,994
4123,935
4637,759
100,303
1834,868
2168,876
2102,397
3222,359
3355,595
2404,909
34,247
48,159
17,309
14943,503
14903,943
2945,651
3442,439
14921,323
3003,968
25,693
13812,915
1941,490
2020,753
2370,843
2427,220
2677,704
2977,652
3002,518
30,113
16,94
14431,403
5399,667
5430,561
5683,998
5685,645
6050,828
6264,878
22,108
23,235
41,27
46,103
63,42
7389,512
7595,412
8011,715
8086,464
17366,750
32,535
9760,437
10192,499
10577,196
10642,452
10218,43
2899,439
10540,110
3108,170
10097,486
9947,683
42,868
9,431
25,386
19,161
164,73
12,517
394,342
346,894
23,781
356,106
31,456
186,801
54,527
137,651
1684,789
1332,963
2720,625
32,423
13,680
259,51
46,908
31,35
50,769
432,465
635,609
1213,825
1391,590
104,971
210,449
88,355
75,257
86,376
241,204
21,379
923,567
812,457
905,494
1384,233
405,98
998,254
31,902
11,139
56,508
630,864
221,819
436,522
1567,931
425,520
182,139
27,376
139,661
241,734
203,526
363,143
1243,565
1119,644
1575,292
2002,352
27,751
8375,893
31,578
187,133
9,479
16,102
7,660
20,876
48,275
987,579
1499,498
10773,796
20,793
20,448
14,711
12,193
176,166
486,893
631,748
746,933
51,409
256,73
66,316
695,230
83,485
606,368
10508,848
10837,892
83,15
2089,781
48,919
35,578
269,825
220,653
886,998
922,778
1323,982
1407,396
10444,768
10399,716
66,753
157,449
13,542
1048,804
1863,534
13,479
1504,181
9005,839
7374,890
8152,674
36,256
153,33
3830,390
5284,610
5255,577
11587,658
11833,657
12623,590
2267,735
7183,853
114,109
24,114
61,24
29,953
1950,935
2260,287
1997,815
1902,376
3144,989
3168,603
51,174
52,123
49,159
14,765
201,545
115,820
12,380
798,956
11046,912
11266,486
105,776
48,799
527,613
589,398
11241,540
11797,496
11858,834
11935,236
10905,766
11316,539
142,234
173,660
21,6
22,250
13,259
5835,899
5975,814
6143,782
6602,440
6718,167
261,235
24,892
123,35
2227,172
2064,503
2145,870
2266,146
2095,58
2302,738
2327,359
27,466
14,12
248,26
12,856
403,149
427,40
543,406
788,236
957,756
395,248
8,172
27,887
8,372
11,728
22,36
395,76
10,167
105,501
98,141
16,760
44,44
50,131
23,351
358,629
614,672
658,44
855,857
1454,792
1336,901
35,310
144,370
10,883
36,42
97,314
476,242
396,191
34,87
1195,585
420,562
420,386
176,726
230,187
127,892
305,241
673,293
686,950
41,33
83,601
134,271
24,1
107,751
25,437
486,314
520,23
566,52
707,657
1124,258
27,744
315,675
27,611
82,161
163,936
30,222
565,226
805,691
1053,939
1088,682
1173,645
1545,657
180,956
84,638
50,836
131,25
301,199
681,708
739,181
1083,635
1128,746
1410,725
1685,601
34,390
45,620
29,176
426,656
456,527
1026,192
703,585
751,600
7,585
1319,261
132,83
13,862
285,807
477,450
1125,679
1235,617
1449,678
683,19
695,490
11,446
22,423
13,29
40,795
34,304
13,269
236,585
107,396
1161,276
2051,461
1394,994
16,3
107,501
34,528
284,926
318,149
15,148
14,243
49,466
394,658
4790,998
35,752
139,788
93,88
477,21
551,650
520,989
265,931
354,22
6093,954
5024,491
14,664
11,495
9,65
184,33
215,118
25,592
11,17
536,225
955,922
1135,692
29,489
74,56
44,161
526,815
11,811
288,790
1051,982
1090,353
33,250
12,474
39,318
45,609
11,866
350,2
793,923
13,335
35,830
14,650
10,182
257,499
26,409
17,669
13,660
185,331
11,19
267,384
15,12
323,687
35,254
364,343
24,214
41,164
171,576
11,236
924,564
27,185
874,674
841,13
1539,442
875,27
81,367
188,473
13,501
30,152
11,240
20,918
481,507
823,801
1357,992
1366,282
27,854
29,158
299,5
33,641
6,119
12,538
20,380
1018,814
20,413
164,518
27,822
64,288
13,266
107,254
68,421
548,431
15,585
580,116
545,602
1647,966
51,760
76,835
7,683
693,384
861,282
905,509
1185,275
837,247
87,327
1275,162
83,56
219,80
67,865
266,614
505,502
512,254
1079,532
67,437
630,243
20,402
50,770
135,585
17,273
236,366
247,397
274,726
1074,904
1098,815
964,391
918,854
85,673
66,939
45,252
650,191
770,109
685,970
1035,437
1385,468
1558,858
4998,859
21,971
26,453
14,137
10,449
10,231
653,452
538,845
129,377
1287,231
1312,337
20,761
9,403
113,995
998,462
1136,866
1364,352
1389,88
1363,531
1321,402
76,902
34,857
9,306
23,832
12,668
11,186
980,530
923,780
560,68
956,622
1099,627
36,502
66,672
39,649
28,638
20,248
411,439
11,272
536,530
1160,905
1273,174
8,794
34,518
691,543
1611,971
1623,382
2123,616
1920,157
61,641
554,645
591,204
34,423
45,784
14,599
11,190
436,452
516,653
1201,786
1531,562
1319,969
64,956
9,222
19,219
13,937
15,274
9,255
94,348
7,351
43,317
257,534
100,552
77,440
10,487
48,174
284,236
25,209
331,372
680,99
648,413
1388,985
1385,981
57,950
29,844
11,677
41,171
370,846
1144,613
897,817
1287,333
1607,800
1300,104
38,963
70,940
20,351
68,231
284,389
317,139
337,498
1529,837
1163,847
1476,857
31,730
95,233
31,337
30,311
10,54
244,446
390,978
438,332
951,236
891,282
68,915
41,833
43,247
13,367
554,496
591,478
606,322
1313,848
1216,955
1828,379
188,422
121,900
47,186
450,227
1000,111
1087,793
998,196
1184,600
2007,619
2111,312
29,882
10,14
202,335
21,93
575,283
885,969
491,163
102,204
1300,635
513,427
6,619
28,584
18,633
418,35
15,370
13,747
11,135
358,69
987,680
1338,738
19,636
102,630
10,480
6,474
12,46
7,79
692,226
751,116
784,636
486,297
244,473
390,417
523,891
821,932
1492,882
2393,950
2626,971
219,106
261,466
256,506
50,42
12,387
57,943
15,304
626,618
1154,922
1011,549
107,994
125,247
50,659
15,593
29,315
8,934
183,186
992,48
478,800
1145,804
567,868
938,795
551,31
59,544
21,512
13,530
91,200
444,601
48,295
567,795
658,190
1631,445
1575,471
29,192
45,91
56,876
261,108
274,459
23,180
343,214
384,387
1135,984
1105,630
25,840
28,366
15,610
6,842
11,302
61,72
320,121
436,607
1193,891
1651,885
77,986
32,715
50,198
11,926
126,674
650,472
13,625
833,96
610,86
700,910
29,742
134,107
16,712
410,848
696,411
712,682
959,590
1250,738
1814,982
249,261
18,793
9,162
18,7
18,766
27,642
548,330
526,377
572,468
421,32
1139,957
64,23
64,483
14,360
9,578
14,367
1063,892
992,427
1874,607
1480,953
67,757
43,638
221,341
16,280
143,507
141,760
268,256
77,658
361,930
193,452
652,859
384,95
11,429
192,412
16,253
331,497
1418,287
852,300
1381,193
14,947
1458,610
75,812
6,212
29,954
376,298
436,334
777,953
360,402
9,359
354,37
824,557
138,451
183,507
144,602
220,143
17,998
62,443
75,457
107,53
42,463
102,410
30,196
21,282
9,449
109,432
13,294
77,120
266,192
999,931
1003,775
1277,970
29,105
48,735
119,442
10,156
10,666
477,845
8,185
750,922
1068,712
1120,862
33,442
19,304
29,134
61,184
462,411
13,44
34,151
510,945
917,115
929,701
30,69
15,65
132,77
14,924
537,78
598,594
499,510
960,268
1509,610
78,412
32,880
22,857
1362,15
1305,784
1514,36
2091,382
2048,435
1837,109
886,105
29,663
49,221
45,588
20,808
13,285
91,209
48,641
934,963
1317,402
1365,444
205,576
52,197
14,792
27,854
926,389
1474,614
1503,832
1698,748
72,772
1209,959
1456,772
61,969
29,693
19,51
310,77
529,926
413,486
381,547
358,516
46,519
512,965
27,974
70,475
10,976
9,775
630,584
18,215
13,49
991,719
1060,841
1074,651
115,520
28,56
56,698
20,678
393,345
914,945
1016,770
1056,47
20,875
1033,241
16,334
21,635
28,721
11,120
274,652
18,33
10,352
653,535
892,736
556,144
89,401
39,189
15,104
312,967
460,981
777,870
1107,355
9,231
29,979
25,717
52,684
342,846
157,392
45,764
26,178
342,68
422,382
226,99
851,531
64,477
54,684
89,527
17,57
58,277
396,708
377,45
496,108
555,171
622,26
1094,656
28,604
9,684
13,503
118,544
10,604
521,42
595,651
659,632
1366,615
1379,117
15,221
26,677
66,937
212,785
21,521
7,485
393,726
1228,588
2357,670
2403,169
16,413
41,632
27,843
10,541
45,46
930,744
1043,727
1178,994
1095,315
1035,538
58,190
15,908
73,212
26,622
14,111
336,71
372,630
727,839
245,291
26,483
9,860
70,243
21,801
39,175
126,926
1363,888
1318,801
1293,74
1532,472
176,831
34,711
26,618
59,843
458,686
496,925
962,826
1492,929
1920,955
1908,229
3408,836
26,264
15,581
172,363
199,55
356,924
29,517
27,210
18,95
355,933
259,217
29,604
8,110
80,130
100,349
49,13
629,284
830,564
975,179
1412,438
523,597
30,556
21,632
25,228
28,633
10,89
19,457
360,976
1056,258
797,130
792,432
29,44
91,225
24,856
40,960
361,455
399,436
431,527
1127,913
1149,756
3837,763
31,401
16,322
171,481
12,551
12,588
8,561
443,604
1195,768
504,251
10,325
30,720
17,183
57,860
40,287
362,39
412,249
474,185
796,831
1134,458
1097,428
10,199
21,327
12,367
56,472
43,298
10,52
35,158
23,540
9,360
681,874
59,186
27,215
20,958
9,30
18,688
13,509
217,765
420,118
1796,711
1804,802
31,993
41,790
95,892
84,326
16,489
10,485
1059,148
891,603
1053,40
1004,446
28,773
27,232
8,832
1430,972
1337,333
1700,109
1362,92
1713,831
9,895
9,719
7,545
42,51
148,743
27,747
438,243
25,52
404,148
502,641
594,268
670,638
45,980
173,139
99,828
8,829
628,947
1200,954
1408,890
1358,628
1022,488
1153,962
41,325
38,564
281,578
245,345
279,178
14,430
465,354
372,602
428,579
14,107
52,312
12,443
75,105
14,365
61,5
407,502
482,333
873,759
1045,358
1456,989
21,88
23,18
59,648
31,369
11,766
13,324
451,255
73,166
1227,156
1169,513
19,491
10,903
13,911
79,10
41,421
378,435
446,347
22,219
354,86
789,684
305,294
54,265
13,850
22,305
9,125
594,990
1006,758
2427,927
1736,902
14,874
60,690
12,787
32,90
123,1
25,68
489,398
522,844
497,172
1175,687
1287,840
7,560
223,27
82,767
38,406
481,185
496,896
565,262
1487,935
1596,903
390,144
42,269
236,132
87,314
204,407
238,755
296,101
297,362
754,163
835,999
1147,986
57,666
100,135
16,11
257,780
11,333
843,819
1047,61
918,140
968,324
1547,465
18,206
33,467
288,496
267,236
1234,916
442,243
72,760
14,562
221,456
524,36
95,320
432,355
29,787
22,439
3345,382
93,189
633,40
17,835
900,939
26,567
58,56
187,891
307,622
713,324
735,851
687,22
21,213
171,364
239,561
402,908
113,937
53,501
238,295
89,503
176,289
63,503
12,926
55,837
23,186
43,572
99,296
16,469
30,257
47,275
48,804
195,616
425,220
31,910
55,573
13,197
134,892
75,993
113,519
442,761
385,576
429,431
823,514
74,344
75,888
425,557
564,831
1662,164
32,339
29,677
9,250
351,750
1745,175
1561,390
1523,16
1212,452
1444,759
80,618
74,383
13,723
71,735
25,407
94,159
461,683
692,655
624,302
1201,548
1150,440
30,16
65,477
11,680
7,326
11,350
490,137
441,183
578,325
1108,892
1112,815
146,684
216,281
18,889
1492,737
1397,978
2949,346
2645,576
3393,967
3442,75
1341,137
50,90
56,778
62,577
9,433
803,924
869,87
263,906
69,493
63,47
4285,985
1492,991
865,674
26,273
95,448
532,166
600,681
1817,875
244,731
2835,609
2022,861
284,233
119,168
93,911
2464,914
2771,961
3030,964
84,98
7259,824
3415,757
7149,935
15,428
40,836
51,661
505,721
349,251
1631,990
749,282
1078,782
39,44
100,9
26,350
66,16
18,222
54,329
62,795
413,744
454,456
438,146
1110,993
1616,407
19,764
49,214
47,529
28,217
410,480
521,15
459,45
400,729
595,20
1245,653
27,892
157,574
15,360
13,792
1130,241
1007,255
85,525
1016,204
1345,638
1411,953
16,55
83,644
30,982
49,637
422,942
10,192
729,198
1885,948
1916,582
2432,458
128,112
11,788
14,584
21,381
387,763
477,91
1073,817
1469,792
1119,748
1664,764
15,429
51,208
27,764
24,358
17,215
8,56
11,680
1026,907
587,605
566,958
9,824
330,242
27,543
29,171
11,347
49,863
858,561
908,158
20,70
161,755
31,186
20,546
68,937
101,23
137,190
210,757
430,932
77,184
83,89
58,281
15,616
9,834
11,264
123,425
651,10
801,226
853,258
27,968
790,594
2717,638
14,348
107,166
40,201
61,86
208,919
12,253
409,868
229,520
676,955
12,525
132,299
329,391
281,503
227,66
1151,954
1260,539
1469,882
2240,752
2282,984
38,521
18,503
28,415
119,630
391,614
18,372
430,678
1046,447
586,187
1109,292
310,823
29,801
43,876
110,104
324,983
349,7
1243,459
1305,474
696,872
364,264
753,908
204,508
11,12
36,623
50,798
562,246
502,416
407,399
469,567
23,760
826,538
234,642
453,248
44,457
17,547
484,907
47,92
44,187
22,689
68,48
353,931
136,170
55,591
59,544
16,933
36,122
1943,868
1904,542
2106,93
2255,127
2614,878
27,860
11,199
141,44
9,756
637,715
571,504
497,716
471,252
446,422
422,421
40,156
22,677
1087,59
18,971
680,625
864,725
1040,22
380,282
28,862
25,832
9,114
358,338
16,427
28,543
148,818
369,280
287,399
69,606
260,607
504,453
27,819
7,7
34,695
8,544
8,625
9,647
10,574
1138,984
1656,766
9418,994
43,764
25,948
325,859
364,833
456,67
902,760
1435,447
6511,970
5898,819
6736,416
13,481
11,354
241,208
82,460
73,790
30,14
14,9
3619,609
3441,856
3674,599
242,37
75,771
11,218
32,602
1762,141
1646,953
1082,533
2217,427
2149,872
37,70
25,711
29,978
9,345
12,332
92,531
33,939
1158,665
1062,381
928,482
1097,376
83,803
183,13
62,902
486,446
442,750
699,604
1123,417
653,2
1520,860
1179,788
64,441
26,2
39,830
1299,233
1366,151
1453,349
1571,625
1982,764
3065,939
3110,766
83,590
56,592
304,452
486,66
1990,934
2816,774
2958,547
3187,959
4297,320
3241,649
23,614
63,397
34,815
53,555
388,108
15,264
743,871
1119,242
1159,436
722,935
81,809
26,590
242,26
438,963
518,609
1285,645
4846,980
4878,445
5197,464
5188,360
20,762
39,285
93,72
228,157
94,479
377,113
429,879
756,607
904,92
1323,831
121,150
16,668
77,228
22,362
105,605
14,271
38,67
38,348
1145,549
40,946
18,37
40,543
47,450
180,574
207,545
13,536
485,717
366,935
48,748
38,243
88,395
73,145
16,639
246,137
215,22
466,574
443,510
81,815
45,130
170,929
29,493
30,676
99,21
9,257
552,938
718,177
509,155
881,79
1325,550
93,76
22,86
13,96
127,83
202,588
13,289
9,771
45,198
406,786
72,668
33,198
7,235
27,382
235,600
19,678
272,564
12,735
412,425
117,78
208,445
29,446
37,907
64,275
45,636
321,113
164,93
11,820
17,846
1337,988
854,455
1517,805
26,641
390,17
88,925
922,624
51,286
1822,290
1522,228
14,497
1568,830
42,702
32,94
47,759
8,393
45,696
278,510
507,349
570,88
630,807
230,385
905,588
47,121
74,98
38,662
170,970
395,636
524,43
928,777
1296,459
480,91
446,373
29,114
27,195
38,659
312,264
315,748
342,291
531,896
64,916
625,647
1067,970
33,911
306,422
294,321
281,169
618,843
616,702
464,227
54,840
1496,823
290,503
32,265
57,1
60,172
306,416
14,950
219,541
8,112
466,444
876,657
201,899
9,877
377,305
25,237
46,670
10,321
13,512
507,368
45,931
1272,792
1432,587
25,125
17,866
28,388
299,621
27,181
17,306
303,258
343,228
629,848
17,448
50,214
12,272
14,924
28,194
29,337
325,345
328,171
804,685
865,415
1495,920
29,913
29,334
333,12
301,600
335,878
235,185
917,864
783,768
1455,542
1525,667
10,254
46,354
9,497
9,245
52,529
93,323
116,491
1242,939
1062,68
1744,560
144,521
29,699
9,860
92,24
313,7
498,735
352,307
992,496
180,452
422,210
13,684
40,489
28,475
12,143
8,238
334,249
14,82
512,892
774,660
1230,935
27,814
20,267
30,237
65,85
10,326
12,397
9,669
9,319
93,92
245,155
30,450
98,133
400,988
13,227
101,1
91,614
30,108
235,113
10,87
557,717
374,425
683,332
966,541
46,962
27,36
21,246
61,349
31,305
428,67
534,867
1020,432
1277,527
513,802
30,785
107,934
11,88
70,974
11,56
426,831
420,144
713,270
633,23
773,1
30,725
9,957
18,771
10,116
272,930
260,64
2444,582
2903,476
2986,712
255,446
18,48
27,787
9,799
23,370
345,398
16,59
319,738
103,253
1207,182
1241,435
16,540
27,763
97,628
18,381
427,319
15,620
415,181
220,655
75,135
7,646
20,104
74,201
79,457
329,246
383,607
392,843
248,582
782,753
26,148
11,173
48,668
106,935
14,551
550,307
1041,927
477,672
1229,776
502,132
12,753
2086,712
59,907
22,293
308,815
29,780
353,156
30,214
15,155
14,393
25,858
64,81
38,351
28,667
14,237
336,533
320,767
21,370
558,93
628,945
1028,638
564,209
40,621
22,247
13,769
18,557
24,593
341,524
384,547
839,346
961,851
1123,585
76,137
227,851
32,465
23,356
61,371
711,453
664,313
360,175
1315,941
48,405
20,545
361,74
29,426
13,161
27,451
52,700
243,180
242,348
263,107
922,859
28,691
11,244
13,230
7,700
640,660
13,421
635,693
1289,927
1258,906
30,414
18,283
25,563
9,916
221,612
257,956
717,233
772,444
1121,947
1314,662
1325,570
92,372
14,289
57,65
34,855
359,842
46,202
82,701
225,293
1167,908
6,41
93,440
20,380
23,556
27,116
419,866
406,667
1480,832
1522,746
1961,702
1715,410
26,519
80,656
9,553
498,150
568,211
390,126
788,596
2006,907
44,368
16,431
7,753
25,740
38,171
12,315
410,168
1158,367
1081,656
431,891
20,567
1203,489
28,470
13,848
126,370
376,713
608,705
13,372
9,101
10,737
442,306
25,466
14,702
13,748
27,327
11,420
14,189
58,80
628,646
1172,495
1249,979
251,98
57,415
61,769
86,382
17,26
281,851
133,163
866,682
1091,517
272,350
725,91
27,607
59,811
126,206
167,981
402,847
296,877
127,391
536,594
70,685
120,344
15,815
53,466
10,78
31,777
5,60
1037,778
1346,739
1290,599
173,867
1340,998
130,706
10,72
241,91
242,622
553,715
557,795
1149,423
1250,911
1206,557
36,197
116,593
146,799
9,875
392,621
951,169
1159,644
1207,593
59,442
59,895
12,332
27,778
228,155
10,420
19,677
145,44
399,974
582,722
898,938
1105,224
27,219
32,249
20,670
21,688
72,338
59,382
526,692
13,755
36,779
993,658
11,298
34,935
27,269
264,574
1045,433
955,586
130,6
13,11
9,174
475,672
16,597
51,937
29,775
9,945
1126,886
333,549
624,103
157,163
815,407
975,970
597,776
27,739
46,769
43,218
10,127
301,820
297,551
378,318
431,941
402,15
986,271
8,527
13,212
26,672
15,406
171,139
28,238
415,345
663,932
585,520
1515,492
27,789
9,258
45,731
7,81
178,319
459,360
724,926
249,223
206,50
726,592
147,184
334,45
403,235
217,506
20,403
13,413
553,500
1134,170
1502,429
1176,694
6,439
26,42
52,127
42,756
11,59
28,176
291,642
595,917
873,927
1010,720
144,721
91,72
11,9
84,274
237,403
958,420
838,512
1593,884
1538,660
914,433
13,11
61,847
72,359
263,409
491,14
985,675
1307,740
1257,669
1497,871
464,766
80,327
55,216
48,657
347,553
253,444
315,139
786,862
886,740
1189,526
401,175
36,776
117,0
13,886
33,730
1250,183
1297,655
1254,717
11,478
185,996
287,157
29,809
28,443
426,336
349,845
635,364
606,696
1201,274
1250,584
29,574
496,290
45,332
112,464
320,109
304,248
444,305
419,619
436,263
315,54
3131,772
3204,983
61,343
30,13
133,214
1631,999
562,738
118,150
2116,588
24,761
14,736
14,642
64,858
146,135
20,176
345,17
422,462
434,26
1261,753
1289,390
1339,395
1791,837
214,873
347,514
893,518
1142,453
240,329
575,262
12,691
2555,472
4720,690
4786,910
6812,48
197,419
31,552
55,266
13,685
548,47
614,191
780,887
1689,959
2038,631
1675,554
10,678
16,168
9,50
29,388
102,25
23,36
56,207
11,371
61,240
93,35
325,619
12,769
54,549
9167,666
9654,744
10007,632
10258,711
10322,698
10442,39
10752,433
49,607
102,632
307,753
350,139
417,27
858,855
384,975
473,557
3272,344
3334,126
7,118
23,550
8,234
556,873
1192,977
697,376
1335,835
8,309
11,887
6413,772
67,56
76,133
297,217
335,818
17,251
55,344
390,115
1497,314
83,648
416,684
10,185
99,126
429,354
1520,605
2035,991
69,108
59,929
88,935
588,78
504,183
12,455
25,138
55,518
69,674
841,66
112,114
294,708
272,449
226,261
59,542
27,694
118,228
12,179
435,118
413,913
1275,944
1666,719
400,669
86,107
10,870
79,80
156,724
350,45
22,898
175,295
239,142
204,26
211,473
1013,279
730,129
109,420
540,657
159,423
11,168
11,777
640,362
998,629
1450,910
13,494
4698,982
32,611
50,414
120,58
113,535
247,408
333,524
7337,302
7415,577
7892,552
2999,411
77,147
56,819
720,90
362,60
12,803
882,575
4325,291
4388,660
4570,937
4740,684
127,429
262,639
221,815
1291,190
566,657
761,882
1700,53
2982,485
2896,878
14999,925
138,342
50,204
318,396
434,107
1274,964
561,106
369,76
966,311
1454,257
2197,877
147,407
215,98
9439,999
9757,382
10038,367
10351,687
10576,922
10637,350
10849,782
10868,598
14,136
45,452
9,327
141,41
5741,490
5884,403
5921,471
6682,956
65330,677
6626,934
29,282
15,53
11,833
12,386
12,168
370,966
50,341
203,179
292,7
484,454
53,938
9,453
702,183
738,845
629,355
1458,508
1471,253
29,626
16,488
10,781
39,944
141,525
43,18
401,243
523,595
588,944
1068,887
1433,621
534,886
350,986
70,460
8,819
63,42
26,294
1035,928
1296,832
1180,809
10,999
32,340
992,253
11,666
544,989
769,408
10,750
768,409
50,465
736,602
1479,49
893,873
7901,991
42,606
9,268
113,492
308,977
441,534
254,217
680,807
1061,593
1046,845
143,181
36,413
11,855
31,571
93,408
352,570
394,872
771,765
1127,245
1397,829
1593,686
37,521
10,322
491,833
1348,801
1463,923
9,49
109,780
418,111
8,298
445,646
26,215
10,596
264,312
174,395
146,196
74,753
40,551
546,408
13,153
172,895
27,455
22,108
77,72
36,203
464,336
442,971
1088,615
1037,742
1358,361
40,606
9,620
68,14
13,292
30,720
383,547
971,567
778,925
1126,716
729,935
11,939
7,918
77,67
179,236
667,506
909,794
7,490
183,674
143,281
526,209
14,86
36,791
45,920
9,143
27,584
1160,564
1019,353
1065,710
1263,435
558,620
660,556
90,808
8,234
9,64
29,3
429,617
461,376
287,483
45,855
303,228
10,309
18,457
412,543
459,448
383,547
1077,975
145,23
15,847
46,804
12,100
480,180
20,125
21,778
29,493
16,490
561,672
31,61
28,306
264,465
187,172
64,503
16,822
11,572
20,527
361,69
865,518
845,397
116,901
27,286
14,433
19,931
69,257
22,856
39,324
19,380
405,240
406,497
420,315
445,107
864,242
1275,538
52,352
28,479
29,871
11,336
15,419
470,161
1195,612
1154,738
1314,330
429,378
45,388
100,297
80,923
40,492
446,974
486,34
604,291
1161,967
1415,814
477,292
27,943
57,343
57,812
224,50
236,963
330,257
10,281
747,605
1254,613
468,873
23,998
80,481
54,430
70,141
9,825
1271,501
1280,560
1304,458
1377,870
515,576
16,187
15,546
43,28
27,662
8,511
6,905
12,916
1197,261
811,736
22,862
7,513
116,256
80,236
299,584
818,303
908,303
959,121
1262,271
968,765
1554,534
29,690
188,224
18,457
452,34
553,676
530,532
1093,564
1008,864
1820,857
998,445
33,131
97,280
52,161
13,249
18,36
6,317
9,741
1147,807
1010,957
646,572
25,712
22,760
25,835
715,417
745,254
628,335
854,185
1081,942
1123,688
309,214
61,133
132,465
272,20
968,61
61,992
760,452
889,342
969,971
1069,14
2143,949
64,59
66,777
11,359
54,582
633,717
548,265
571,337
700,219
1654,898
4638,877
17,794
55,746
333,140
331,874
27,892
22,76
1405,883
1659,918
11,167
246,654
30,546
20,761
13,86
295,219
14,63
661,945
62,714
376,842
18,531
105,586
92,66
38,984
17,229
13,512
888,683
1156,884
1154,483
43,142
339,434
322,69
31,735
25,501
64,581
21,881
272,81
278,520
182,152
701,644
624,410
1398,622
7,391
43,427
88,916
859,883
1015,548
1368,799
1674,944
1848,416
1763,765
53,28
83,355
52,473
9,532
11,582
400,646
10,162
463,160
434,584
900,854
447,20
28,92
27,38
11,78
11,644
25,775
140,949
352,433
333,393
1013,867
971,603
55,942
55,986
8,647
179,327
381,663
1121,486
1165,426
949,899
218,321
14,171
26,929
14,169
195,875
24,777
10,87
514,254
11,714
235,654
326,402
764,587
29,534
41,462
148,433
354,96
379,918
130,970
847,785
1044,996
189,315
287,473
25,760
9,146
68,251
344,432
438,554
1149,975
1063,770
1030,391
56,662
379,567
27,21
13,672
27,931
27,354
179,98
488,574
21,790
57,50
28,740
24,771
251,361
50,64
137,836
65,166
365,589
272,271
15,886
308,61
16,730
445,223
9,748
24,49
253,234
12,146
271,779
15,933
14,148
52,761
394,961
109,95
27,997
400,463
375,126
10,813
21,247
59,863
13,132
1218,780
1288,936
928,883
27,668
18,676
9,523
8,275
14,48
367,658
500,274
877,593
1237,777
2530,685
20,972
34,849
22,35
251,440
245,694
668,394
261,50
705,502
1122,727
1062,491
27,392
135,883
14,224
15,302
522,475
599,145
623,585
1114,877
1399,125
425,763
103,782
644,775
20,888
15,511
541,912
614,99
1202,541
1173,999
143,138
3755,323
18,308
11,43
28,197
14,111
13,206
296,256
66,763
485,380
652,689
11,652
166,843
61,314
240,378
662,344
1641,474
1689,910
2213,921
2510,642
2524,667
2660,966
13,698
23,908
247,917
8,656
11,38
256,516
580,812
1036,952
980,535
297,493
103,200
19,201
468,237
20,82
591,667
1049,533
1115,523
63,851
53,331
151,755
28,48
10,675
8,406
7,218
75,16
9,630
1323,978
1386,451
154,611
211,814
25,207
10,858
8,630
280,297
347,749
643,869
878,710
1243,306
243,100
1287,751
16,603
26,485
139,31
91,430
15,122
342,446
396,549
430,234
491,180
570,341
16,756
29,224
10,964
27,251
16,171
410,428
470,355
776,276
518,253
10,916
27,442
942,951
983,514
1119,33
1379,82
1563,904
9,339
125,789
8,464
59,4
27,403
90,267
210,237
8,995
211,619
294,907
706,518
969,855
1125,997
1252,380
142,695
13,474
22,29
397,602
500,45
1647,941
1591,279
1199,151
2219,513
2367,909
29,272
57,458
78,181
381,641
176,814
410,852
1343,710
893,923
1389,435
403,63
24,954
172,674
49,167
584,215
566,568
613,441
847,559
832,888
586,362
1059,965
23,532
27,432
16,235
81,692
22,424
240,498
24,155
19,697
234,220
208,846
49,660
19,661
13,972
471,222
10,883
14,827
11,565
1635,779
1636,802
1362,101
286,994
157,198
10,367
598,782
72,913
102,978
12,332
11,645
3036,960
2976,669
67,400
45,344
54,195
253,802
41,734
764,483
838,28
880,809
1891,570
29,911
13,888
40,119
13,294
139,487
306,423
37,111
517,274
932,745
886,961
4851,984
412,425
11,599
197,239
18,822
18,917
125,141
60,114
93,351
28,1
81,696
30,282
31,657
370,378
41,777
13,918
33,5
281,944
10,68
3786,459
4139,313
27,385
9,642
12,768
14,97
9,525
23,911
176,256
673,447
722,13
85,175
14,806
10,305
27,22
11,363
11,573
10,978
401,612
361,702
471,387
900,324
35,855
11,637
69,8
93,591
8,149
8,487
643,427
53,311
1098,950
1272,537
27,82
10,338
73,278
9,245
25,330
167,104
49,181
298,959
294,567
586,966
54,721
48,466
118,691
346,830
324,274
323,255
280,375
897,527
1360,797
1311,246
26,416
16,442
14,842
9,677
10,591
10,781
475,703
291,227
1014,991
756,214
28,401
217,70
19,788
243,777
199,453
107,38
1030,970
842,859
990,668
29,78
52,832
45,605
23,247
21,230
1253,797
18,897
15,505
516,393
6373,327
2232,93
76,63
365,462
171,349
159,813
367,201
205,819
17,2
47,564
18,570
56,590
29,124
111,931
8,900
517,842
558,489
1236,950
1417,998
318,199
480,697
3853,664
14,506
28,621
195,858
91,729
12,461
398,745
12,38
710,443
831,416
308,937
36,573
128,814
8,309
397,89
11,494
400,259
605,737
246,586
14,32
19,454
25,687
130,652
54,477
904,832
902,764
1330,340
1403,950
1573,197
1814,937
25,971
16,73
25,262
9,48
285,821
314,654
112,424
603,470
187,897
733,310
28,99
27,916
13,483
20,111
13,113
11,498
10,794
735,780
959,822
14,680
7589,726
20,414
40,192
27,303
290,886
285,506
11,247
596,557
4639,903
4470,828
4546,714
11,505
57,468
41,934
653,404
519,388
463,874
907,441
798,412
2826,545
3087,450
27,989
12,486
84,327
25,15
11,423
303,325
418,17
824,681
820,997
1092,332
27,389
54,211
38,86
33,430
13,147
186,212
33,602
191,165
1203,878
666,640
64,454
11,830
7,307
337,518
1376,877
33,307
13,705
1069,911
27,502
13,874
51,78
20,907
11,763
11,687
25,278
21,858
1094,718
1444,977
13,185
859,885
26,783
94,690
194,285
155,556
371,978
174,524
596,952
4424,973
3636,920
3896,118
61,353
56,791
43,712
103,221
3988,993
3993,407
4201,845
4350,988
3852,907
3620,388
18,39
86,752
24,197
24,197
215,53
232,541
417,621
14,108
9,413
25,793
68,647
171,130
40,565
382,831
24,121
412,294
854,672
1257,731
1226,674
1264,755
18,969
23,150
109,397
28,150
328,753
811,790
1156,380
1713,435
1658,629
1118,893
207,39
369,900
40,477
17,232
457,81
603,282
1396,305
1326,632
1401,475
531,185
52,137
24,172
28,821
10,244
50,178
635,9
432,108
569,849
448,308
651,486
41,849
16,61
27,993
452,683
554,613
603,95
798,87
905,278
1223,879
1524,761
272,232
68,220
42,46
44,686
73,168
1570,389
1412,970
246,724
10,505
290,807
87,122
7,342
365,726
8,376
11,950
379,341
41,683
372,431
329,874
25,801
31,710
43,899
70,148
14,87
413,944
386,17
13,644
345,112
473,136
1094,900
24,608
42,40
44,272
24,737
398,378
627,724
16,323
740,761
1250,667
40,396
32,743
105,945
35,415
826,646
93,660
724,457
2349,991
2497,454
2390,759
2488,231
115,524
50,727
360,671
399,508
611,591
1411,358
285,897
69,971
93,460
38,235
40,954
44,166
313,568
827,722
827,617
131,986
6,686
192,110
417,868
11,119
27,601
71,571
30,491
20,102
190,817
64,496
11,468
271,888
178,153
95,233
109,32
128,299
29,803
155,557
16,564
13,223
14,340
21,347
61,859
580,444
26,554
9,165
30,561
19,367
82,691
1689,824
1573,305
1542,857
800,779
1290,916
225,975
56,130
19,8
12,674
71,679
28,865
189,877
86,238
125,728
28,663
80,83
18,66
291,889
425,704
723,370
9,841
9,5
94,499
27,495
16,10
13,409
22,818
18,514
13,432
15,675
326,443
22,721
82,960
257,207
30,50
25,713
41,330
16,793
20,286
35,52
323,333
45,584
107,363
11,633
79,46
110,362
25,594
144,452
15,274
25,459
13,113
437,753
395,918
541,31
1215,971
1137,610
25,328
32,122
11,65
30,863
9,610
404,182
357,674
413,435
1065,528
1288,319
27,523
25,478
88,454
15,427
22,522
68,14
502,690
886,502
109,663
1191,669
6,887
29,186
112,405
13,392
141,47
899,658
633,65
943,24
735,371
847,335
27,981
96,635
203,242
12,447
10,634
698,215
5080,792
4828,223
5126,671
4936,369
125,817
381,433
554,262
785,983
671,326
1308,414
1038,776
1373,971
17,946
2394,415
25,40
61,709
24,613
112,335
522,833
15,992
1515,810
1234,100
993,282
16,772
14,955
29,195
65,505
121,813
144,173
7,543
498,906
590,558
358,720
644,179
27,9
8,822
36,446
77,129
20,224
203,183
245,273
408,883
914,808
1344,692
26,946
43,294
51,36
28,234
310,606
284,406
463,935
871,541
825,618
1096,658
11,383
84,932
162,227
10,51
20,173
635,325
754,505
684,912
17,803
43,790
17,60
44,702
29,432
579,813
1201,853
1508,370
327,730
9,611
362,663
11,397
129,837
32,594
9,170
266,665
190,95
13,609
11,29
61,988
1078,919
219,320
13,698
23,498
54,696
26,745
310,923
730,166
84,753
19,302
72,329
10,688
16,336
8,88
39,671
224,192
237,818
564,854
530,811
6,401
267,901
14,124
30,679
70,806
13,826
158,214
204,75
301,589
527,688
198,614
234,178
224,859
31,107
56,75
11,689
66,250
18,399
20,123
350,169
282,806
342,465
1263,904
24,351
10,615
32,568
27,246
385,325
19,787
492,188
51,2
572,250
590,977
27,246
12,599
24,243
362,613
740,390
773,220
960,946
1228,964
1208,717
1952,753
44,588
55,379
29,41
151,874
825,579
736,713
788,95
995,368
1387,773
452,89
74,93
16,560
18,290
30,693
329,629
10,295
12,8
562,732
818,248
161,26
13,217
20,764
14,395
24,123
55,989
296,300
334,462
592,233
1137,863
1125,377
42,991
9,703
23,30
18,178
261,90
20,208
265,90
320,789
651,703
285,239
36,52
141,870
107,99
9,68
11,850
73,111
1513,344
1404,7
29,817
1273,504
84,14
136,701
30,68
305,566
11,91
623,656
1086,892
1007,971
1297,928
503,206
30,247
50,859
7,366
34,830
530,513
64,212
813,324
868,459
460,101
533,966
27,289
26,64
140,469
42,624
11,458
34,850
167,725
559,830
1033,711
912,869
54,420
318,551
69,646
558,932
563,256
826,494
930,774
26,154
596,110
517,234
135,241
44,721
10,152
8,671
55,82
514,922
1113,698
745,589
53,1
372,429
18,991
47,605
500,511
567,466
856,459
728,182
988,923
1038,325
1588,742
1267,793
41,874
23,259
98,49
8,29
12,930
170,194
18,685
1059,989
1008,426
913,336
30,627
58,313
28,150
54,113
10,160
455,883
409,339
1148,776
1214,325
1563,708
216,782
34,156
502,275
466,769
606,404
667,38
492,363
1325,807
1303,348
15,309
68,26
98,22
16,164
12,827
231,629
473,570
837,861
1204,639
1104,765
13,747
16,211
28,768
14,429
10,185
8,421
25,657
529,404
42,142
10,711
69,675
49,659
216,206
104,434
264,388
541,267
521,91
592,829
1255,944
533,342
360,450
101,190
65,615
267,369
61,546
1917,564
2238,174
2479,958
2926,388
2141,123
1780,820
72,622
24,515
9,153
272,359
310,196
236,916
12,94
526,442
171,127
32,265
27,320
8,143
51,910
17,447
260,628
31,790
13,55
54,654
109,963
133,357
12,757
207,200
221,715
596,757
897,939
1333,984
1612,624
2018,643
1976,543
38,347
46,447
153,102
11,997
195,106
141,743
452,148
12,99
449,500
896,456
947,654
28,375
106,855
59,440
305,601
15,263
226,237
74,668
185,327
100,454
403,800
66,448
11,389
71,829
11,907
64,954
213,823
78,614
74,72
40,863
70,983
23,423
71,951
44,805
32,199
9,410
565,301
596,9
810,488
860,219
944,422
24,485
104,480
35,259
11,71
350,86
12,392
73,515
8,369
525,580
278,457
31,30
18,957
13,399
395,528
36,21
470,281
780,983
1331,966
1104,981
1581,841
58,579
96,675
12,211
403,453
437,447
526,58
1189,533
1318,911
1197,786
3252,669
25,283
10,336
47,193
105,200
28,18
8,903
724,281
1045,820
1234,722
1006,612
49,545
69,939
173,4
329,431
332,283
371,753
720,669
612,631
1297,938
6341,766
14,591
65,52
21,864
13,984
1341,488
435,561
393,339
5736,906
5697,216
5762,838
27,418
59,67
132,29
45,576
58,707
212,775
299,7
268,640
562,790
500,126
16,584
21,739
10,994
13,296
1709,543
1972,522
1234,821
1696,680
9,122
11,864
180,340
155,30
139,516
173,847
315,481
498,975
991,431
856,802
3499,556
3637,590
25,185
22,739
26,93
150,263
175,371
158,159
267,923
331,470
530,364
421,48
20,26
36,667
11,12
40,792
97,246
12,327
432,674
343,540
153,763
12,771
29,223
13,552
80,745
11,305
376,715
430,44
656,484
992,354
1046,198
644,360
42,857
9,208
13,467
372,381
1403,871
23,302
350,149
921,905
15,11
252,243
110,958
70,668
39,301
722,976
1266,795
1265,732
1364,755
1407,371
1522,338
1534,805
59,467
14,881
28,42
13,265
740,410
923,997
1155,784
1256,102
344,367
89,71
7,385
14,207
33,529
186,840
833,831
787,546
26,552
9,864
264,3
13,87
48,206
70,55
45,80
195,495
11,552
13,458
10,689
320,728
194,769
418,262
29,202
141,62
47,435
95,68
10,4
11,690
598,775
1108,317
1126,987
1335,838
13,795
10,825
64,921
9,9
541,116
511,499
1058,749
1035,529
1095,970
672,547
14,172
24,687
28,10
78,476
73,668
175,917
31,633
57,574
401,973
4407,894
62,102
16,145
99,798
110,990
464,279
1015,902
1618,764
1626,775
561,117
566,581
22,392
10,870
66,32
8,114
25,725
244,769
51,533
1171,997
1540,730
1064,783
66,183
8,848
25,686
11,568
16,696
10,233
483,561
9,238
436,380
5180,966
128,16
11,168
404,373
495,354
445,776
298,863
360,839
22,105
3636,560
2421,845
19,685
21,316
15,590
8,988
291,315
26,690
48,736
662,404
1024,729
15,334
22,947
40,783
209,287
193,145
249,88
315,413
285,108
20,644
552,133
510,385
29,443
13,765
622,478
753,771
414,981
244,145
218,298
11,129
168,190
34,424
36,524
178,872
667,632
174,57
272,882
88,474
96,224
11,537
40,640
15,848
11,700
88,298
88,794
1102,542
1020,143
1112,783
270,537
341,7
190,646
15,908
18,13
27,680
31,338
13,347
102,482
33,154
301,128
569,851
15,684
4177,973
46,744
25,846
55,649
374,662
256,422
322,754
273,115
5649,818
5561,912
5674,867
32,93
61,770
11,124
27,709
13,275
2133,869
2290,743
2062,382
2303,169
2639,144
27,488
23,614
26,603
8,95
360,776
1115,826
1227,956
988,688
18,623
304,72
22,571
20,266
44,150
91,968
428,964
635,615
1550,900
28,333
7250,803
7339,938
51,618
27,1
125,573
44,806
9,159
18,651
3362,467
3428,568
3425,615
3396,267
70,426
20,986
138,514
51,168
13,305
11,422
217,697
9,71
120,83
25,532
25,429
11,826
22,380
17,464
12,202
75,522
1233,491
1957,780
2008,670
1470,352
102,877
52,599
594,956
518,381
690,532
1044,559
1214,887
1094,875
1644,393
38,576
27,937
45,887
192,544
176,686
358,951
7457,679
7699,804
7257,723
7206,828
7222,524
21,108
56,146
93,309
15,287
34,291
138,29
8314,944
8690,782
8716,605
8710,906
17,39
71,270
50,166
9283,926
9476,762
9487,393
9305,198
13244,447
13089,613
13488,301
21,205
16249,822
16206,659
16257,399
4542,596
4744,904
5142,802
24,410
36,62
16133,825
16134,589
16444,349
5115,750
5032,551
5432,420
15,38
24,85
15244,346
15278,537
1305,599
1627,714
1631,811
1578,178
2212,978
12734,668
18,25
72,347
20,771
20,804
335,72
286,267
294,704
324,909
518,998
12015,145
21,408
10,435
14,101
127,952
18,540
17,631
163,901
8878,719
8912,178
8956,887
79,174
9,200
31,909
14,87
318,173
83,695
17,750
132,135
7489,499
7558,461
62,445
12,38
103,152
218,471
412,433
1067,114
1210,448
993,601
941,586
160,305
51,713
22,499
62,248
44,267
15,211
391,975
386,304
909,696
985,812
1284,944
27,533
6,28
14,257
259,846
32,853
305,756
646,700
14,131
703,944
8735,890
25,70
13,889
59,344
24,850
140,648
19,378
362,286
379,209
6429,854
6409,962
29,764
106,842
98,518
9,3
327,440
301,471
5671,759
5956,115
6034,167
5942,637
118,792
27,642
38,254
288,991
445,70
6105,924
6567,558
6549,176
7223,656
6942,832
22,443
21,434
12,93
46,705
4724,984
4734,494
4898,665
5017,669
5060,87
4901,751
26,555
13,303
44,173
21,616
31,207
3752,665
4051,506
3981,576
3966,432
3970,172
27,212
62,954
56,307
205,219
16,200
148,113
59,128
4306,377
4150,238
4219,983
53,91
209,433
75,319
16,689
24,287
9,195
281,735
4631,774
4597,237
4610,491
89,484
29,909
663,859
43,270
435,197
487,170
722,137
6426,647
6795,739
6878,438
12,16
11,549
6,202
66,813
189,233
81,25
6162,354
6134,965
6109,735
5995,180
18,66
54,62
40,443
153,310
151,728
12,621
313,938
159,230
459,377
49,507
1042,810
1289,575
1629,542
1553,964
1711,789
8859,933
22,70
10409,312
10420,886
1805,310
2581,315
2559,666
2737,539
10575,695
2746,596
8,418
21,421
12191,884
2279,896
2540,955
2554,973
57,196
744,165
12569,901
11,841
22,71
13500,278
13902,183
14238,45
2445,661
2925,447
57,695
9,84
15,111
409,8
375,264
464,948
118,998
1422,594
432,437
1002,832
25,767
15,871
170,486
17,253
13,39
50,8
61,99
103,731
235,898
14,288
31,946
34,823
161,328
162,12
270,756
96,211
1811,958
1943,795
2098,925
2286,509
59,189
27,0
12,946
11,266
67,356
13,594
33,294
2773,298
2875,622
2811,203
8,10
26,49
105,287
17,336
475,590
24,962
518,236
852,364
1142,790
880,803
40,396
13,441
27,13
219,371
18,90
16,47
13,377
603,720
24,227
105,260
96,375
10,713
339,433
667,764
113,864
47,593
112,894
12,574
246,614
11,954
20,444
36,153
22,28
3124,347
3327,520
3503,778
3317,488
3638,494
3908,113
3544,685
25,291
22,526
12,391
171,89
155,1
68,692
146,143
4969,300
5093,742
4644,416
14,282
26,481
18,806
121,309
6051,566
6116,232
6271,452
6280,884
7933,442
8026,538
144,821
27,379
15,761
73,147
167,11
272,30
23,50
12744,395
12822,513
9905,442
3382,541
3587,980
3815,863
3792,141
3834,382
12871,757
79,126
42,800
11,225
2560,621
2697,866
2772,405
3128,938
3147,281
24,351
41,54
18,25
11190,519
2694,935
3097,201
3072,436
3186,147
11238,252
3168,576
25,58
56,112
47,171
15,12
11,453
3215,892
3202,663
3236,781
3386,203
3323,608
57,528
169,687
3586,187
3643,307
4228,891
4321,412
4379,413
4914,307
4924,106
5170,750
11,57
22,90
3740,260
3662,487
3708,483
3729,419
3972,704
3901,441
4363,720
4502,817
22,206
3434,598
3442,588
3622,925
3887,727
3992,985
4344,985
4705,859
40,557
12139,697
12270,334
738,287
850,469
1040,570
1182,529
831,966
1969,285
2203,906
19,50
50,380
66,561
225,448
21,38
238,531
345,45
15,263
837,836
1278,862
40,555
12,272
7,770
380,949
416,271
452,589
418,97
832,847
14,373
52,19
345,288
186,849
304,115
591,99
953,897
341,481
152,15
291,322
9526,886
212,241
30,935
319,514
9,671
17,123
127,735
23,75
25,412
66,559
192,421
33,179
50,783
30,726
521,473
611,845
1124,909
100,746
128,630
521,347
32,320
2877,774
11501,708
3738,502
3856,959
4210,266
4298,587
4353,226
4345,243
4502,483
39,440
15,73
6585,503
6504,512
6602,763
7428,345
7520,685
8084,328
8095,872
8124,186
19,30
14,76
21,16
9669,694
9746,843
9749,846
10591,496
11082,965
11132,258
11506,54
11581,377
21156,831
9997,878
10058,837
10395,993
11094,680
11181,667
11146,164
29147,833
29065,307
29389,788
9838,180
9931,897
9909,157
10421,560
10447,683
9918,537
25,360
32,18
13,46
173,1
29691,968
10741,614
421,295
590,97
11506,490
11603,255
11653,935
11572,280
11613,308
23,28
15,70
89,95
9389,853
9865,521
9872,977
9850,386
21,333
24,13
28012,895
20263,412
28072,427
767,77
28174,182
28075,543
11485,982
11390,549
11918,959
21,266
208,540
18795,979
10262,765
10214,554
10514,650
10629,944
10659,419
29414,662
29469,622
10582,200
29656,621
10544,916
11058,192
11190,282
11354,810
11203,367
120,183
248,315
20393,504
403,938
74,479
591,900
550,766
18,260
1567,707
9226,959
1056,748
1137,765
1181,743
1764,907
2100,444
12777,812
12845,342
12909,209
13267,855
114,838
167,234
11,189
292,49
249,269
372,92
416,213
45,384
59,802
17,361
547,594
9752,965
9871,484
9877,71
2180,311
2164,865
1722,939
38,496
23,72
255,145
418,983
72,539
334,949
446,201
135,905
1071,845
13,99
9,826
164,195
36,4
11,127
407,195
525,291
20,179
17,77
207,305
32,333
27,320
10,606
113,285
373,988
13,184
541,822
15,402
2599,690
2770,623
3082,137
132,952
41,396
17,967
1994,403
2410,882
2564,975
2608,726
2819,727
31,25
16,39
27022,994
27446,372
18249,690
18845,854
20589,441
20580,333
21151,627
14235,845
18243,146
18,34
19327,408
1417,985
2183,799
2540,303
2515,92
176,534
649,484
581,570
995,531
1833,277
13229,619
14455,814
15045,366
15139,529
242,244
13777,448
1339,764
1711,808
1762,625
1905,877
2499,318
1730,330
8,867
49,46
10491,52
10277,600
1340,933
1691,638
1677,407
1718,921
1765,659
571,351
15,25
12,23
25,412
8,12
944,319
940,487
1033,958
1380,328
1533,712
29,318
17,223
31,158
13,46
11753,884
3065,457
3077,797
3132,598
3385,412
4137,805
281,21
65,754
150,25
121,378
4054,782
31,49
67,89
5174,689
5315,603
4900,852
30,899
37,773
16,989
221,178
1619,735
1845,978
1614,968
1705,176
1739,372
1650,295
27,737
15,161
32,269
10,15
3363,820
3326,665
3352,184
3541,732
3435,318
3853,808
39,130
31,777
74,412
45,33
11,745
130,126
4722,996
4780,972
4870,191
4859,482
33,581
70,899
8,69
8,148
109,934
14,277
6970,776
6862,358
7017,784
7012,542
26,406
113,239
249,236
362,878
483,406
1093,852
205,642
29,744
389,364
9314,786
580,188
9912,857
494,775
10267,898
24,656
3305,988
3775,940
10794,808
18472,982
3357,329
24,139
18,223
25,161
13638,140
13586,170
13615,782
13814,808
4191,285
4050,968
3694,431
5319,232
5439,462
5369,841
5926,785
5958,197
5915,229
6012,546
5617,877
89,305
13806,994
17966,766
6510,829
6684,269
6713,253
7186,765
7741,928
22,184
13,103
19,173
17068,636
17033,759
5714,618
5711,568
5794,259
6100,93
6274,800
86,8
106,537
6532,671
6684,853
6770,569
7043,584
7236,689
7570,580
7488,953
15,281
13,78
13,145
66,358
8952,683
17859,923
9016,531
9373,978
9600,249
1477,46
9559,637
9672,711
1566,866
50,390
117,321
22,10
174,37
10,5
5144,743
5125,659
5261,283
5403,708
5514,561
25,154
56,280
68,212
9,414
18,897
237,6
419,4
323,726
7563,808
7669,938
28,704
47,136
9,336
266,308
271,922
711,888
15,904
64,70
26,96
11844,941
12414,664
3515,858
3865,652
3840,782
26,785
15876,982
15923,510
15928,800
6705,644
6828,188
6863,982
6571,971
16442,755
112,77
19943,425
10344,751
10393,345
10373,854
10512,769
10545,713
10514,527
10970,196
11299,894
25,103
39,341
20,9
14800,941
4207,434
4656,951
4819,896
5288,621
5303,440
4322,577
19,140
20,220
8954,658
8986,885
9337,682
9237,379
9490,832
16,2
25,71
20010,424
19980,307
11082,613
10921,534
11194,636
11648,492
11702,400
19886,509
29,387
16,38
3060,517
22050,944
3179,947
3449,849
3770,691
29,569
73,180
15,71
401,972
240,184
10706,881
6694,813
16520,897
16491,807
6952,652
36,464
22,569
41,392
13,119
24,5
8780,918
9018,698
9128,547
9160,542
9641,644
9092,483
27,552
16,6
14,102
12951,686
13053,513
13389,509
4911,270
4919,328
4837,418
4935,948
29,103
10,781
10,310
181,283
10,67
6319,591
6319,648
6864,969
6832,728
7304,261
44,655
97,326
166,353
291,868
14,16
12,457
37,63
10265,306
2478,959
2511,907
10169,266
3917,47
4085,107
2484,214
3396,911
3500,66
10155,550
52,546
4679,855
4757,602
4725,102
5008,957
5623,129
5667,677
139,245
15,68
18087,458
412,577
18719,963
8909,239
19206,777
8917,574
68,28
57,15
62,2
22041,968
22103,872
22436,385
34,360
45,441
12,5
274,66
19647,936
309,943
10404,620
10354,606
54,621
26,13
11,65
866,723
823,461
19034,902
1046,942
1337,983
1521,892
1507,154
1596,708
10,185
1259,532
10,57
31,774
40,410
523,918
2026,385
12,630
2058,652
95,74
28,339
15,147
933,279
1303,299
1067,575
1716,307
1648,475
2161,577
1013,206
26,215
1122,411
13175,705
1275,372
1624,460
1709,799
1808,462
2020,506
2061,714
24,33
16,339
40,1
1742,259
14250,519
1998,540
2114,164
6,23
1761,427
1769,648
13,532
81,467
250,168
467,257
182,311
16,949
28,789
152,723
13,978
429,387
24,908
409,521
199,196
86,600
1725,696
21,690
57,663
358,222
1197,515
8717,334
193,182
93,134
232,712
530,703
89,35
771,881
1171,411
1096,571
1106,461
20,130
7,432
26,691
2443,947
2452,972
2089,880
2754,752
2835,683
13252,257
3677,850
3910,410
4575,671
13414,923
4763,970
5140,502
3623,729
14625,657
1346,69
1574,357
1305,990
2314,878
2405,645
1590,536
2414,71
2335,189
14649,581
26,125
16,121
48,748
15,103
1887,618
2007,982
2363,797
2562,340
2582,603
2684,768
20,831
13,496
7,624
25,458
340,334
399,640
342,312
481,445
962,982
12108,590
23,384
28,527
15,394
32,359
20,682
6,643
718,630
240,147
8849,752
8702,783
33,474
38,214
254,69
117,254
234,948
13,27
195,669
551,851
694,803
7028,529
22,928
51,887
22,258
9,153
11,139
7,371
336,127
54,167
987,508
1191,537
73,992
13,62
7,39
46,265
10,127
31,19
437,12
399,542
460,168
440,735
10,50
341,491
70,192
416,451
252,694
1369,731
1517,686
1681,284
415,498
469,283
38,458
9,172
12,129
9,734
124,935
365,856
208,644
459,480
12,587
11,79
21,966
42,813
9,535
341,800
390,773
1370,673
1724,778
11,841
1535,263
3423,519
10,515
30,280
695,848
1048,786
1377,426
1081,527
1300,639
65,915
40,611
66,550
20,735
13,354
39,876
732,398
43,957
235,80
236,481
6,289
424,407
988,946
90,283
12,598
30,718
1037,84
1259,993
1426,997
23,896
1415,971
1414,131
1012,835
13,60
28,716
16,910
230,574
229,237
11,772
425,628
594,186
235,856
62,723
56,581
42,625
6,67
53,770
471,371
386,454
443,122
73,50
1087,913
137,431
69,27
26,452
13,814
11,520
25,947
461,992
861,821
468,154
196,14
973,590
137,230
29,555
11,11
71,710
627,213
576,102
590,424
886,665
47,405
311,816
27,596
33,588
17,644
345,382
368,66
411,786
441,147
843,413
753,684
415,939
78,787
28,978
51,505
440,8
486,327
37,152
10,113
711,972
199,681
379,97
98,657
20,769
45,286
297,332
326,259
891,791
828,987
1147,955
1118,109
1604,275
18,488
34,575
118,408
287,661
330,745
984,991
1114,335
1218,723
1276,530
1353,426
21,368
3181,976
3186,534
3267,599
3308,773
3696,751
3858,399
4046,912
4013,129
4194,892
20,345
5938,536
5905,221
5995,688
6262,372
6323,832
6695,957
6838,486
6789,176
6755,963
15,67
15,278
9441,483
9505,637
10110,877
10203,781
10911,399
10977,436
11202,843
23,254
14,82
21861,657
4918,422
16528,225
16489,354
5174,424
5362,438
5412,709
5561,761
127,732
276,217
410,51
378,266
725,222
376,490
284,50
10397,625
10995,920
3467,835
11036,163
3679,542
3759,831
3986,563
4086,452
167,270
170,406
15741,875
15676,293
5143,669
5766,392
6035,201
6187,546
5977,409
16,72
16215,634
7869,697
8263,812
8273,643
8381,447
8548,457
9109,824
9283,215
16,106
23,81
68,539
19,3
23785,962
18560,211
8953,249
8856,514
9195,347
9733,986
9689,628
10589,461
19218,948
10628,173
19360,126
11529,393
11570,281
11636,703
26,357
26206,866
26188,885
26729,969
9743,963
10267,864
23732,680
23966,650
24017,627
7284,563
7703,336
7738,638
16663,973
7452,812
23947,886
7403,352
25,129
6006,506
6162,857
6178,470
6667,907
6937,441
7132,586
7157,396
36,77
22598,715
10852,719
22588,183
11380,298
10406,716
11574,903
11759,224
10333,490
11938,183
27,162
116,38
13,13
18153,895
5867,609
5837,862
5983,63
6249,768
5899,492
6072,660
15,162
31,443
64,76
100,204
12074,864
12087,883
12778,493
12831,272
13154,209
13099,842
2755,795
2760,676
22,7
17457,910
17562,989
3666,241
4083,579
4260,171
4584,385
4287,352
5366,986
6000,893
23,140
15,33
5491,688
5722,901
5990,956
6497,943
6171,131
6453,52
6619,429
6882,341
61,65
9,196
27,91
25,23
9081,227
9440,639
10020,306
10009,922
10095,292
22,171
24225,845
16185,539
24764,975
16484,901
5957,802
24,153
22,638
20037,965
19997,441
19982,895
8968,296
20247,884
9368,926
9498,369
9694,769
13,463
16,26
14,125
14619,939
14185,714
15140,321
15161,266
15517,802
15185,774
14167,557
27,247
16,224
20031,775
19986,813
20107,582
3410,764
3953,449
3846,708
4547,417
4570,998
23,153
7202,877
7530,914
7475,153
7544,697
7863,428
7907,573
22130,704
22381,877
22580,617
12204,759
12473,704
12514,395
12717,442
12765,643
24,5
27570,832
27686,504
5167,217
5118,902
5151,191
5638,166
5647,515
6098,331
6235,882
61,214
9812,623
9765,283
9865,593
10568,457
10614,277
10708,464
11089,701
11191,985
10951,244
16335,866
16509,452
16935,620
16918,870
17318,574
17418,803
15958,354
16006,976
68,562
46090,706
