209,766
738,731
1083,323
991,60
52,24
3590,855
3761,530
3654,397
2356,781
3741,453
2294,969
2735,803
3173,169
3521,859
566,504
660,256
125,677
4096,945
2999,85
95,545
7103,667
1129,387
1987,676
2665,903
2836,61
2838,683
3576,882
3659,751
3852,736
58,596
1074,854
1356,329
1862,268
1787,363
2047,674
1915,6
2656,525
3152,675
117,350
663,212
907,307
1238,313
1424,334
1953,408
10352,475
307,592
841,282
1010,299
10114,890
1865,394
11054,681
10970,862
3071,238
3174,704
3190,597
53,643
1901,494
1731,161
1989,346
2203,663
3067,555
4717,900
4980,976
1275,110
4882,471
35,1
33,21
74,49
3252,664
3467,248
3438,247
3840,561
3818,450
3786,328
66,482
75,158
404,456
768,389
771,732
611,1
1571,603
195,431
54,749
328,98
177,13
247,42
2683,465
2891,365
3019,856
3944,640
4102,619
500,165
858,232
35,72
1681,68
1609,3
132,151
67,350
187,649
568,960
133,695
120,727
27,52
233,544
809,103
1289,769
1399,751
330,712
47,773
109,459
144,531
159,252
72,753
599,59
1541,707
881,794
766,289
1741,396
2501,329
2741,618
66,658
52,974
40,954
14,12
23,644
18,250
1200,162
1096,184
1371,831
1182,56
2190,566
169,84
22,356
25,757
26,760
440,997
548,807
504,110
93,772
48,15
219,120
1458,335
678,229
1303,459
291,182
6429,917
470,459
157,98
26,729
1654,452
35,713
52,501
192,869
18,45
29,944
957,728
1435,882
33,619
1128,119
149,20
29,115
37,111
35,869
342,623
43,494
667,506
931,835
925,672
1452,564
1519,719
98,200
21,739
39,708
14,614
18,578
1203,429
1327,671
525,150
93,497
16,288
51,785
23,7
83,880
419,114
84,55
906,616
791,568
1060,119
1645,468
628,116
1443,915
162,727
411,469
329,269
64,785
369,543
5573,980
100,753
16,289
17,17
93,369
724,986
2692,467
2836,509
173,256
31,172
169,977
16,319
113,411
73,72
107,319
143,935
554,897
907,54
79,97
2442,773
4948,907
3095,917
2730,177
59,243
147,249
207,662
93,958
377,100
394,126
3707,777
3961,418
5542,974
4590,976
5081,692
130,415
187,37
48,31
7570,922
1910,954
2614,647
2750,985
3267,107
3262,542
3257,588
68,760
355,888
15,784
57,338
1570,363
1506,976
221,634
569,166
11,419
583,588
55,298
156,434
244,694
30,59
67,48
389,458
649,897
48,435
1078,375
941,359
34,897
19,207
466,144
505,345
550,807
20,183
112,891
14,584
379,299
450,639
33,100
13,178
127,369
13,49
21,710
464,394
490,660
27,738
55,456
218,785
222,818
12,886
347,155
730,896
837,398
1451,223
1406,938
1681,604
1615,741
125,784
41,798
141,347
565,138
685,803
869,48
1114,762
1003,561
1402,921
1368,544
260,406
137,957
16,381
17,712
19,600
10,279
479,563
867,771
1290,657
516,437
35,582
20,421
18,738
247,892
221,174
475,592
286,673
56,65
223,80
226,464
1067,341
85,795
36,689
16,188
95,116
293,893
149,645
512,473
244,92
552,291
28,53
38175,707
30788,240
30813,893
32688,684
33095,511
36640,285
36639,632
36685,177
36679,281
66,300
18,384
14,78
34364,200
934,56
1443,570
57,295
11,278
380,187
85,246
249,927
12,410
659,499
743,701
755,530
1460,977
140,68
142,36
7834,856
40,477
40,79
28,439
2925,693
3186,393
3044,954
3122,492
3639,856
29,65
22,663
10796,449
10732,829
2658,359
2501,469
2826,68
2975,896
3248,403
1257,102
31,685
987,772
985,177
1002,787
1252,806
1378,336
1370,322
1808,603
1732,104
2141,893
764,529
346,840
27,645
138,678
1591,274
1659,471
1881,441
2390,690
1565,895
2569,862
317,621
292,935
269,428
518,362
444,885
442,344
534,220
761,347
1353,533
1999,994
22,21
144,299
427,499
434,729
612,296
635,494
873,908
1444,911
1654,694
27,94
9661,935
2252,295
2168,919
2962,865
2828,863
11147,845
11353,303
11468,629
11918,946
1663,615
1951,432
9129,903
9141,214
9577,769
2076,397
9755,377
2450,598
2416,379
41,10
29,294
9938,751
9892,647
1201,954
10087,960
1935,686
1886,556
8548,535
8832,906
1590,881
1950,934
1928,399
2941,885
12594,962
12887,896
13826,769
14049,659
13578,934
13945,881
13881,459
13907,681
14325,835
14638,878
55,823
34,408
6925,997
7071,480
7287,415
8287,374
8579,427
7435,601
8525,778
9225,412
3593,652
51,3
12274,643
1079,571
853,906
1391,703
1328,160
1872,490
2087,942
2059,508
25,61
815,262
8943,343
863,948
1045,515
1133,212
1142,854
2066,217
2121,486
2176,484
20,425
34,309
800,681
1204,905
1418,789
1685,849
1742,627
1866,171
824,837
17,38
22,109
10463,853
3255,543
3430,135
3419,704
3926,962
4190,811
61,56
155,75
30,74
11800,684
11869,542
1198,611
1119,383
1919,796
1492,876
61,160
33,319
71,145
9970,819
1979,690
1523,985
2657,887
2665,250
2739,825
36,504
30,67
1239,719
9654,832
1621,667
1770,519
1638,632
9569,350
9764,403
9647,351
1332,459
2322,433
3056,596
3339,423
3147,777
4212,655
2292,974
264,372
750,928
1136,950
827,664
2381,887
2403,506
11077,644
11247,461
2374,568
1700,683
2441,246
2930,223
2920,314
10325,618
10376,373
42,26
1167,45
11963,340
1346,987
1542,95
2453,426
2244,759
2485,469
2646,430
2473,150
37,440
21,209
1042,966
1067,814
1538,536
1565,851
914,932
2174,777
59,682
313,930
267,293
406,709
534,587
670,636
10234,856
10553,696
475,154
25,647
8596,788
53,658
15,328
503,66
970,269
223,765
60,262
8381,982
9046,901
12,705
217,214
9092,713
697,207
909,219
687,803
720,314
61,432
46,966
29,314
22,55
663,342
761,435
1049,990
1252,644
2002,584
2167,680
20,434
11,773
12,371
285,131
103,60
173,831
13,316
1197,942
952,623
1735,534
410,346
695,704
1140,893
1131,478
2753,976
2939,844
1775,944
10790,295
10783,341
1303,81
11141,504
1550,264
1440,240
2127,740
2461,629
2501,388
2569,177
29,111
48,313
97,375
268,157
139,332
548,449
486,339
819,12
115,801
411,445
46,89
256,530
155,130
16,224
29,747
2867,310
2872,905
3363,803
3488,601
3551,513
50,412
49,100
397,311
189,279
595,91
982,986
3385,961
4598,993
4602,569
3407,950
51,211
31,910
16,93
2065,608
2115,934
2780,672
3262,808
2914,687
23,183
17,47
10114,135
1033,339
10147,360
1033,750
1677,376
9948,993
10004,66
10455,535
22,667
182,522
342,106
1268,726
400,96
301,523
510,437
1216,822
500,404
12,865
8853,950
16,459
77,2
17,130
39,5
36,885
141,488
45,69
103,454
12,456
63,468
14,686
125,978
345,697
452,349
103,422
28,888
12,871
491,591
84,48
63,966
13,678
13,26
19,795
575,741
233,77
20,580
577,897
27,431
9222,720
1009,269
906,493
83,266
950,387
1586,220
29,119
2243,873
21,309
268,861
763,910
20,239
1354,690
19,173
18946,905
10649,981
10945,674
11372,664
40,247
21,137
29,466
20,68
13,214
9,239
253,736
240,539
6699,907
6987,982
27,894
81,114
165,890
153,90
23,86
23,113
4512,988
4764,987
5271,528
5332,744
38,255
149,430
27,425
2749,144
3098,956
2962,160
2964,513
3507,960
3583,792
118,273
235,908
10528,848
11,613
555,455
10,513
532,322
626,536
1289,854
379,37
19,567
134,72
17,593
103,717
332,718
328,593
956,614
980,886
1520,527
1617,429
42,20
35,157
37,13
81,271
11,107
389,359
483,870
1662,996
122,345
19,191
25,930
70,390
37,560
253,755
15,246
735,431
647,805
972,698
32,450
215,135
42,276
10,98
51,635
37,572
40,957
56,767
1151,72
549,657
580,316
593,679
21,582
121,700
41,929
86,187
148,152
114,166
139,484
475,177
207,500
728,909
18,71
28,963
14,189
337,472
760,573
684,685
364,292
386,566
59,338
415,214
147,571
294,765
36,989
384,4
409,277
665,464
576,605
359,860
33,92
48,325
29,498
17,80
10,423
459,187
79,291
710,795
1162,857
1374,877
454,595
149,823
93,235
248,81
9,438
499,429
450,221
49,238
517,797
217,51
1267,758
1206,597
64,146
15,985
22,41
20,724
9,502
548,772
73,338
70,160
225,618
45,783
105,118
88,585
451,884
935,633
1107,477
1291,257
989,811
148,484
22,256
194,673
11,125
113,694
44,146
250,869
1187,727
1383,752
1978,370
27,91
26,399
25,44
42,754
14,346
413,50
125,471
37,821
417,395
397,748
1027,977
1223,742
18,556
24,262
15,531
13,137
397,558
630,926
837,421
29,66
150,662
23,691
8539,773
671,273
832,614
892,572
1060,245
23,75
16,253
28,933
9,781
24,10
1216,884
7973,894
1398,836
1819,776
1738,652
1770,270
10414,312
10342,642
1363,407
1635,651
1685,298
2208,826
2175,286
2649,731
10290,473
66,246
103,21
11077,430
1321,280
2631,772
2705,89
2767,138
1682,553
1746,661
10,197
57,654
45,794
1261,722
1154,639
1200,631
1239,331
1944,553
1924,891
2063,607
130,643
158,529
2269,621
2316,791
2421,712
2132,601
2754,186
2269,741
2656,419
2709,99
49,554
132,291
138,82
120,233
3111,400
3105,827
3078,438
3881,930
4130,670
3962,667
26,973
62,374
3251,380
3317,166
3482,601
3549,561
3871,512
4120,460
4196,14
3726,668
54,213
176,36
14,385
26,410
302,955
193,273
16,595
198,17
5149,750
4603,838
30,969
49,530
155,107
75,503
67,381
118,41
159,565
79,743
95,118
6001,598
71,121
198,610
201,91
90,742
10,159
520,689
1275,532
8432,917
8438,684
7126,959
27,958
172,377
14,210
12,410
317,842
37,280
5862,972
5563,412
5867,515
5701,957
10,374
29,740
34,428
3660,520
3671,164
3548,218
3656,429
3675,709
4013,734
4295,570
17,518
13,48
218,126
673,889
582,137
1258,612
1666,700
1734,729
1781,991
14,262
25,902
1565,68
1627,11
2222,752
1926,743
1572,670
1952,313
115,457
94,272
21,119
115,551
110,389
201,829
242,66
604,875
467,703
860,645
349,870
894,341
29,574
14,232
55,483
194,56
13,115
43,289
316,131
367,704
468,745
911,470
1024,464
45,388
19,756
16,72
97,659
810,435
63,18
860,447
1735,849
2101,809
1733,602
68,4
215,661
418,713
12,977
12,469
903,607
788,115
978,583
1296,687
748,25
30,538
96,593
42,757
12,355
770,218
1227,832
1122,384
1279,210
1461,437
266,219
30,98
32,537
250,71
30,774
21,475
172,546
13,838
1141,424
1383,945
1694,363
16,953
28,704
24,532
429,839
428,407
923,798
12,500
11039,475
11088,445
11163,904
44,255
68,636
12,164
276,198
277,338
153,85
295,235
724,813
9,281
9899,671
71,383
49,320
29,997
84,875
1499,731
42,297
24,505
1366,357
137,706
45,215
23,765
16,532
564,544
211,776
24,32
60,646
75,975
811,36
94,161
11,288
23,169
63,609
118,783
504,63
676,253
658,585
134,354
215,618
362,432
597,649
35,236
102,501
10,79
478,659
577,616
9,535
1123,902
1474,457
240,933
24,223
11,534
103,395
80,374
315,948
576,634
183,549
1071,771
1145,968
1546,230
1572,212
8,430
43,78
22,941
16,24
103,243
770,483
733,263
941,478
84,232
624,75
35,300
68,308
16,681
214,480
892,504
237,52
355,20
246,183
17,696
436,847
28,512
18,910
6087,130
6075,962
6073,406
6132,795
6445,274
6644,460
7851,947
8009,381
24,61
11677,301
11919,955
12518,259
11716,317
13119,442
13042,772
13126,666
12383,806
7279,778
11962,640
22,177
7944,217
7965,200
7920,461
7978,399
8627,878
9025,994
9093,204
9450,622
2159,690
9268,391
12,687
23,222
12,173
8777,277
8916,77
17,578
8624,571
8694,648
8948,802
21,0
19,92
18,753
26122,264
25821,732
9734,479
9639,303
10057,811
10054,500
10584,273
2237,341
25343,933
22,202
27,19
66,182
2157,924
2451,586
2484,386
2605,251
2651,481
3167,766
46,682
83,907
30,584
3113,736
3179,687
3762,425
4063,743
4029,817
3296,133
67,19
13919,691
15,331
1309,857
1506,703
1373,825
1697,551
1724,572
1914,586
41,688
488,254
399,150
11,304
11,400
82,192
12,655
365,843
95,327
402,447
24,105
49,213
67,598
13,129
1800,647
1838,865
2107,798
2298,867
2720,785
2783,903
71,957
14,14
29,374
13,606
104,327
206,682
5519,592
5395,416
5768,242
6431,730
90,278
15,165
15,38
13,822
22,48
165,23
341,579
418,692
54,889
1584,920
12,552
21,805
107,75
350,68
443,37
1025,557
1707,510
72,211
459,872
81,911
14,484
34,815
58,678
451,722
26,269
521,151
7,57
690,271
595,57
1101,638
27,382
104,299
215,23
8,0
181,499
10,43
253,1
1164,967
1513,441
1851,941
23,383
35,31
20,269
50,497
138,679
12,642
991,315
3308,721
2625,567
3968,597
1907,560
1714,640
1629,561
1600,378
1206,794
61,185
62,669
67,299
54,93
1578,21
30,555
13,443
15,597
35,124
75,865
489,358
95,212
11,428
55,8
11,561
61,544
10,410
8,698
11,865
7,719
1067,422
11,901
20,256
14157,889
13429,441
4476,436
14624,881
42,63
20,121
51,227
18334,873
18414,900
18653,799
18783,72
7235,548
18666,532
22,94
15551,617
5485,990
5890,827
6191,966
6351,504
6483,395
6856,482
14345,393
14406,885
3508,664
3580,866
3982,831
24,26
12499,855
12429,385
12633,616
1330,252
12671,244
2180,509
2193,533
12399,598
24,293
13,29
11399,544
2865,827
2585,406
3010,43
2423,668
2865,526
3822,672
3773,709
23,54
5334,924
5553,974
5490,312
5710,839
6263,807
5991,904
6715,950
36,276
139,181
17250,688
17334,527
3476,586
3527,799
3679,521
3817,799
4169,465
4238,529
266,289
1913,722
1801,558
2564,659
2037,512
1923,832
2157,599
2075,362
2157,351
11723,970
58,620
419,931
36,41
64,30
283,796
703,730
25,987
20,148
8231,423
8187,718
1766,497
1808,297
1885,101
2178,123
3252,35
3061,925
2064,151
27,183
43,173
102,65
87,404
112,414
4972,968
5113,104
5204,390
5428,413
5108,312
55,34
55,913
324,125
249,632
68,673
3598,457
3627,173
3567,874
3789,709
3793,427
9,616
29,738
116,83
13,523
157,997
4658,688
4897,900
5005,439
5639,778
5748,511
16,84
24,242
108,1
15,98
6800,918
6845,461
7374,755
7634,470
6789,734
7453,772
11,100
123,844
14,176
153,96
202,288
7036,427
379,723
381,261
7655,503
7730,250
8017,739
7146,904
8801,793
2280,255
21,0
9,88
2130,355
2200,905
2306,971
3053,953
26,503
16,27
11749,967
12642,824
13008,925
23,247
14,133
13455,214
21545,818
13403,464
13457,781
13425,515
4681,703
5038,962
5548,827
39,65
5921,756
5953,612
6225,184
6140,728
6358,104
6754,410
7362,116
7179,799
7414,487
17,114
23306,480
23286,931
23178,463
23316,295
23922,301
24007,522
24225,528
24706,807
23,512
46,66
29202,372
3332,245
3572,727
3505,548
35170,705
4325,21
4307,989
4267,3
25,273
144,114
117,267
15,30
7403,610
7394,502
7910,481
7938,321
8171,432
7833,856
66,240
49,416
9,7
21,79
10821,762
10589,307
10860,626
4872,564
4956,649
4881,395
5486,285
5415,225
5421,818
21,748
18,38
18,795
11,53
6902,136
7012,838
6890,853
7791,739
7758,327
7666,515
59,85
112,952
34,66
9,129
28,10
10,589
23,278
16,51
12,201
8468,96
938,490
925,136
935,487
936,735
1552,389
1776,272
1450,700
1894,243
2062,503
11,24
32,127
31,6
3766,544
3554,613
3789,960
3540,909
4503,635
4498,633
4504,627
12,318
12,270
22,326
9,106
7025,954
7012,789
7700,912
7072,774
7754,496
7644,662
22,877
13,119
7471,887
7830,130
7734,755
7791,201
7756,152
8178,373
8311,87
2403,415
8269,928
2677,620
66,423
2890,259
2956,442
3168,726
3784,782
4530,591
4633,224
5044,545
4900,895
3837,843
46,133
5659,833
5664,409
5725,458
5770,241
6140,946
6327,390
6688,988
6644,237
6972,618
36,145
19,83
41,432
264,538
21,39
7170,275
7555,335
7583,943
7767,661
7924,569
9211,858
24,407
12733,625
13208,477
13257,389
3830,134
4139,379
3975,714
4028,172
3732,805
20,738
14592,777
6312,789
6704,608
6774,350
6934,548
6986,288
7433,379
7504,882
7426,497
18,301
56,68
35,626
12771,847
13164,698
13268,503
13743,832
13767,305
14311,380
8338,873
8386,697
8526,333
13769,268
24,165
7465,991
7588,909
8014,645
8063,527
8446,649
27,446
19009,419
19062,600
19042,881
19392,610
12984,996
5325,352
5565,626
5621,40
5736,758
70,155
10,288
22,12
9383,824
9449,749
10426,620
10430,731
10263,486
10835,804
24163,700
24167,223
17070,263
6026,524
6623,533
6777,762
7009,978
21,220
18358,457
18413,651
18473,600
3822,398
3973,355
4534,878
4805,644
4861,140
4850,438
7487,714
7577,393
7854,437
7930,517
7908,180
8740,403
8934,237
9133,194
8918,474
24,48
4154,287
4546,836
4587,907
4857,817
5423,568
5567,532
5987,589
6027,453
19647,744
200,456
117,377
613,45
7798,745
9,351
7269,287
11,76
779,853
8959,693
8892,518
11162,964
10774,942
53,217
22332,651
5204,650
5228,754
5702,216
5684,833
5590,399
5969,835
6203,405
11,332
317,78
320,65
122,51
119,104
24,48
22,39
18755,913
9133,802
9696,438
9636,459
3110,490
3197,565
3496,739
24,133
16010,800
16052,766
6278,747
6223,224
6838,720
24,719
25,227
19123,959
19147,97
19456,416
19587,342
11303,34
10938,984
11359,722
4067,545
11631,731
36,379
15,7
14,314
15230,921
4796,773
5116,582
4858,788
5643,612
5628,543
6018,623
15,317
76,472
7286,987
7432,953
7449,412
7669,383
7883,938
8333,911
8475,179
8598,265
16,519
16,499
13,37
10073,119
10200,660
10165,80
10092,427
10087,849
10578,640
4672,145
11058,972
4658,244
33,447
4379,408
4486,341
16766,581
4529,67
4762,188
5449,274
5693,819
5739,842
5383,909
25,257
48,663
182,629
39,38
7711,500
8108,533
8319,730
8578,995
8871,411
8905,132
8907,385
9238,293
66,124
60,797
4610,346
4791,813
4743,299
5698,864
5572,433
6155,713
5971,294
5997,250
6933,271
6889,301
7798,346
8166,574
7301,798
6960,933
7788,649
7356,673
7846,552
20523,475
5291,688
5175,561
5837,978
6057,321
6620,566
6926,843
83,48
19380,282
19726,344
19954,493
5781,130
6077,751
6469,918
6556,359
6569,733
6389,142
17,562
9908,888
9900,733
10238,899
10416,990
10202,216
10363,284
10612,683
10671,696
50,66
25998,924
20165,256
9460,540
9561,826
10001,207
9988,554
27,83
23657,855
23687,931
23218,661
16971,511
8791,567
43,133
27,126
22470,694
22576,648
12731,324
13252,332
13197,638
21577,903
22138,559
35,111
23604,905
17435,290
17667,936
4255,146
4308,338
4802,422
4754,487
4918,599
4946,297
74,554
25,260
7773,679
7995,943
8224,31
8192,716
2006,204
8274,917
7075,875
1916,906
6946,576
7025,348
26,568
4263,799
4365,415
4280,504
4847,230
5102,862
5065,503
4777,937
5907,442
6261,799
57,180
18,50
75,115
34,84
9197,606
9255,888
9179,747
9195,117
9148,287
9664,837
9778,540
2836,670
3075,566
26,435
4555,878
4580,914
4872,769
4897,920
5272,645
5533,729
5535,850
23,12
17347,696
17535,745
8105,553
8170,765
8148,75
8605,795
8703,422
24,108
18,134
13613,506
19876,839
4575,546
4837,519
4938,732
4821,237
4647,907
19928,950
51,322
96,109
20,89
13,12
10666,600
10550,417
10863,880
3876,372
11449,851
11011,227
10918,429
24,370
88,316
17080,987
17674,752
17829,990
20,296
16662,591
16726,920
16767,679
16677,366
8761,620
17356,484
8866,659
9288,453
27,110
10,273
21325,848
15292,605
5238,559
5311,608
5284,688
5187,82
6335,935
6628,680
44,704
43,81
7388,660
7430,447
7461,585
7501,508
8256,509
8191,516
8324,729
8418,896
2021,620
2045,112
38,212
20,59
4857,874
4853,480
5320,812
5695,676
5452,800
5430,152
5685,370
18,24
43,51
20,47
16644,755
8914,702
9156,477
9337,961
9873,408
9957,249
9951,462
3901,215
3978,367
3892,118
22,9
39,827
13,158
17,282
4767,713
4849,653
4814,667
5126,981
5702,952
6282,918
84,313
168,577
23,630
10,999
216,153
262,82
9283,597
9824,811
2228,551
2542,857
9325,395
9436,929
21,73
14121,420
14219,347
14257,210
15222,708
6323,661
6485,842
17446,270
17774,681
17867,226
9447,288
9443,524
9506,903
10235,280
9647,657
23,480
13,94
61,50
22105,763
5574,484
22095,590
5897,485
5951,442
6114,220
6226,520
61,39
26,218
19,354
221,434
44,615
9,152
348,230
270,288
11821,634
11770,593
4884,855
4940,606
4808,610
5885,552
5832,720
23,390
16501,481
16971,295
16979,418
4839,772
4892,470
5411,519
5355,520
5425,269
25,156
13,34
12,34
24,152
22,44
16876,544
8009,437
7926,434
7963,317
8052,216
1869,185
1965,521
8066,805
24,16
10,55
13204,416
4291,782
4325,499
4793,696
4861,394
5499,272
5535,718
5494,406
21,823
8204,866
8212,461
8402,684
8402,688
8336,208
8550,358
8402,243
9225,895
9338,957
21,20
4186,144
4105,416
4388,408
4230,306
4619,659
4731,557
6199,725
13330,233
4584,418
20,735
25,590
20,14
23,405
76,957
7715,645
7694,561
586,925
8063,759
25,345
18,73
19369,907
19474,976
19513,289
5394,833
13136,945
5388,939
13222,902
5166,178
19,774
16,924
9957,855
10185,81
10232,165
10205,769
10180,395
10818,814
10787,722
22,203
20,20
22002,655
14132,218
5395,467
14466,948
5707,777
5616,796
20,15
16,219
20,24
16024,587
7695,598
16342,859
7822,411
8481,895
18516,744
18624,447
18557,526
4063,686
12746,348
4425,339
4359,403
4057,927
21,126
17374,905
17448,635
7183,933
7364,432
7374,228
7403,7
7513,430
7964,513
7975,895
60,409
51,128
21,678
233,63
9109,546
9335,647
9462,824
9029,50
9511,657
9688,494
3541,216
3604,869
3553,144
25,49
3939,224
14044,219
3933,584
3788,293
3844,197
4402,991
4408,360
4624,240
4977,656
59,703
50,676
24,46
19,409
308,775
7159,690
7051,462
7643,237
7957,981
7991,849
26852,440
26807,991
21244,774
12887,878
27,637
14,106
37362,789
38153,902
38075,921
38908,845
39178,118
39110,746
42946,516
42814,79
37192,339
20075,635
38316,382
20874,938
20997,292
21587,554
21509,421
40,422
96,340
44993,821
15222,607
15317,107
15932,774
16562,712
17012,362
17243,425
17341,692
8573,70
153,194
62,25
32928,272
15455,217
15529,935
16002,927
16382,442
16606,61
16668,704
16756,761
9538,698
22,367
16,61
31218,890
15292,226
15367,333
15844,346
16444,567
16493,534
22,118
26748,473
26802,301
3590,397
20614,658
3659,880
19979,666
73,149
15201,707
15251,364
15226,673
7052,267
7304,233
7163,402
8428,681
8409,706
8786,521
70,304
9,284
19,503
9490,857
11191,846
11388,744
11617,254
11657,939
11934,793
22566,900
16641,636
16550,718
16933,959
4732,43
4942,783
5261,784
23,73
16843,500
16895,696
17577,736
4877,473
5181,704
5042,763
22,404
18099,546
18115,788
18210,487
10849,776
10934,724
11004,187
11884,444
12007,283
4908,370
11196,148
95,541
15,115
18,310
4015,288
3869,237
4300,785
4508,251
4770,814
4965,434
3750,350
149,977
252,111
523,817
8312,474
8598,360
8683,646
8915,722
9033,190
72,861
129,65
70,881
8973,366
501,150
61,165
568,650
249,148
8599,404
22,412
14353,734
7090,833
7447,793
7385,517
18,298
129,497
63,898
25,898
73,405
466,314
115,645
15,383
6719,278
7186,872
6759,130
927,331
1115,333
1906,623
1998,768
2040,439
2073,691
27,167
2956,313
3078,887
3385,761
3363,169
3429,602
3927,625
4077,478
4365,639
4904,320
14862,232
4943,543
4967,383
5625,889
5852,342
5910,143
6079,229
6145,213
6317,350
3859,339
3842,991
3906,708
4143,463
5145,424
5164,590
5225,313
5418,953
5524,165
31,309
4128,937
15902,585
4124,589
5058,760
5803,584
6284,809
5826,325
5874,292
5355,744
21,70
47,139
244,981
603,429
7484,347
7578,883
7828,223
8009,789
8427,843
8449,208
7845,360
7831,389
23,321
3877,646
3699,702
3795,560
3760,580
3929,267
4213,458
4673,458
4756,105
4194,702
60,154
53,80
16,351
13,88
8705,997
8701,242
8785,744
7595,435
8962,728
9089,353
13,245
955,394
542,350
36,145
6152,650
6540,793
6548,244
6634,821
12733,846
7190,283
7511,274
18,105
13,4
7659,269
17145,955
17068,460
7819,352
8530,911
8481,542
7836,673
67,232
45,169
24,367
11,3
21167,975
4638,886
4594,55
15305,374
15107,704
4398,779
10,62
53,362
42,335
27,192
16,94
8143,629
8281,713
7435,392
8302,330
1836,591
1787,354
1953,443
1326,740
1449,757
7774,705
25,117
24,141
2811,746
2951,544
3242,422
3428,887
3378,319
3912,980
3983,252
4638,495
23,305
13,24
7213,904
7217,511
7453,344
7867,845
7777,387
7431,563
7476,611
7828,266
69,758
38,565
7842,211
7982,67
8077,936
8350,400
8669,870
9106,943
2729,956
8031,207
8029,238
4674,721
14738,122
4760,557
4786,332
5033,938
5210,60
5661,796
5800,606
5835,365
24,96
16,72
31,111
18402,652
5113,248
5005,722
5266,381
5332,214
6483,943
6208,989
109,339
17,132
11,154
8991,930
9181,610
9196,967
9647,511
9677,820
9001,783
21,160
18075,441
10810,730
10797,279
2364,532
10892,643
3230,798
3134,635
5874,425
8538,903
3172,963
3680,763
3201,662
3711,544
5985,146
6064,367
6472,196
6536,316
26,87
23,520
10,63
16752,670
16681,729
2859,900
3097,671
3302,569
4089,200
4061,835
74,473
16,108
11,160
597,725
215,552
3558,755
3782,831
4155,615
3675,476
4059,825
53,441
27,415
34,94
15,981
47,244
380,32
18,126
213,984
65,104
5790,779
48,894
68,494
178,282
255,873
197,5
204,145
182,195
13,432
23,535
7999,901
9432,828
1564,802
1900,535
2037,744
14,458
82,25
11,17
12468,903
12946,758
9789,330
2829,434
3286,472
3449,773
3828,952
3790,203
48,999
5615,173
5674,892
5640,109
5687,188
5636,257
6627,244
6537,927
6388,993
6386,484
34,2
9,128
38,987
7138,586
18,56
7150,808
9058,501
8751,849
9018,658
9734,676
3375,265
9812,803
6532,727
17298,646
7214,839
8252,679
8029,538
8277,232
8205,253
8677,896
8734,483
8685,293
20,382
2928,809
3274,485
3302,709
3575,153
3592,278
3580,929
3981,297
3990,435
4042,641
27,355
8,140
55,1
4208,460
4271,241
4189,529
4585,520
4603,550
4679,494
4649,53
23,602
166,678
240,448
208,20
52,390
26,60
592,385
11,4
242,367
10,936
489,482
857,0
8850,748
8815,863
1571,732
29,372
22,114
6,19
18,108
11787,777
12374,576
5197,366
5270,504
5161,974
5485,572
20,218
13,16
18,58
15033,948
5028,631
5301,745
5324,500
5380,619
5894,199
5949,256
292,983
861,282
10822,380
11377,541
10009,717
7595,366
10276,667
13,24
9045,573
9093,365
9142,774
54,171
11120,80
11092,944
11903,511
11998,540
12028,189
11972,389
4769,499
22,214
12,42
6761,442
6716,370
15511,170
15549,811
7513,504
7981,704
67,651
17340,465
17383,970
8034,195
7989,456
7993,712
8671,993
8820,519
8795,260
18308,304
12161,800
2495,435
2767,460
2910,352
3179,899
3072,302
3600,923
3719,906
22,295
27,148
36,284
12988,918
3927,530
2901,816
4183,959
4366,901
4436,568
9,139
22,157
194,317
208,808
15464,828
7176,875
7190,811
7792,380
7780,197
7821,200
7834,236
3932,94
4393,975
19522,97
4419,654
4850,482
4887,535
3956,886
29,222
16,309
17264,816
17307,574
17454,634
4203,996
4452,402
4542,647
4420,531
4853,621
73,255
13,41
7606,763
7734,495
7823,362
8728,974
7580,540
8731,338
2750,345
2945,440
8000,341
8011,723
22,269
51,219
4081,776
4228,434
4447,568
4619,818
5293,499
5364,276
5766,969
22,135
18,10
22,128
17819,380
8620,719
8639,510
8797,866
9427,649
9501,319
9466,277
2809,379
2932,536
3043,560
27,135
25,297
58,0
4288,574
4218,711
4317,237
4533,503
4601,476
5010,605
4700,571
15,294
15,74
11,198
8379,632
8527,458
8573,353
9042,683
9115,227
2265,306
9122,482
2513,495
8518,364
45,455
13151,536
4633,573
4987,803
4912,942
5365,538
5442,429
5614,569
5801,229
5844,842
20,130
16,211
8260,235
8404,905
8776,483
8912,331
9522,897
9549,767
9814,469
20,25
15977,595
22196,334
5265,445
5333,520
5398,373
5631,645
5193,526
16294,677
19,198
17924,587
9618,884
9671,924
10109,908
10378,976
10406,192
99,29
216,131
15,248
21969,986
22090,291
22442,727
16095,904
20,183
16,341
18569,695
26,274
30004,972
29695,436
21494,576
21542,426
21468,830
21856,561
33340,661
27091,561
27140,583
9585,482
9767,956
9594,872
9207,369
67,117
21012,836
21148,284
21197,995
5388,452
6372,770
6324,463
54,301
17156,598
17488,794
17546,658
11551,877
11635,628
11850,557
11920,71
11745,384
6126,261
12072,715
26,68
13,147
4374,199
4393,432
4535,942
4866,981
5028,262
5277,661
5695,464
24,100
16,22
7174,125
7185,245
7498,663
7570,315
7478,393
7691,777
1270,764
16379,547
2032,883
7171,98
24,84
3998,897
4000,583
4060,410
4275,248
4341,233
4321,817
4338,119
3876,603
20,39
7,29
7024,416
7049,728
15942,766
7025,379
7351,718
7563,300
7868,902
7019,242
16,214
90,276
11,912
54,17
9,663
22,20
10171,381
10242,491
10290,494
10165,858
10004,646
4382,659
4917,860
17,163
24,94
16,74
242,274
15862,718
16103,378
7309,783
7418,422
7833,579
7945,382
7897,416
8327,716
25,85
3394,269
3573,690
3589,769
3956,734
4022,666
4402,779
4319,207
3556,949
23,246
14,146
7906,725
16176,906
8345,691
8470,819
8799,426
8841,395
105,111
11,281
102,218
21,43
20456,837
20738,667
11042,739
12255,594
12074,908
22,91
15,40
22895,865
22748,384
15751,207
6981,730
15920,117
7532,955
7668,261
1612,944
1721,335
7526,750
10,103
43,204
3807,546
3764,263
3856,722
4072,589
4040,593
4538,778
4632,934
4723,117
21,926
47,240
52,27
25,242
11,21
193,550
155,636
11,432
8050,688
350,307
8711,630
8677,569
9010,309
8941,373
25,248
12814,379
4831,845
5252,628
5403,178
5442,838
5501,162
6131,495
6090,603
5982,484
27,750
83,99
9,54
12,256
23,12
8937,351
9727,368
9736,959
10252,536
9979,299
9755,247
4985,874
4880,90
5476,251
52,443
11,89
33,14
31,739
6673,835
6561,152
369,61
6934,712
7178,548
6994,547
7626,637
7604,517
27,289
14111,854
5046,311
5213,623
5133,560
5062,418
5756,893
5389,948
25,424
25023,829
16346,940
6198,555
17082,649
16989,155
15867,543
16009,149
16159,382
25191,145
16196,325
22,130
4629,617
4602,534
4854,515
4882,425
5210,428
4898,618
5435,549
27,254
16,182
16606,843
16591,486
8626,502
8601,731
8717,368
8780,740
9305,948
9780,854
3183,950
14328,786
5392,214
5495,939
5846,955
6174,741
6471,569
6485,270
6512,237
6229,332
5306,578
20,192
16,346
5108,953
5044,242
5330,669
5356,954
6191,467
6105,580
6107,515
8952,656
22,55
24,5
8508,602
8629,645
8763,242
8817,386
9028,825
8125,184
9628,619
8265,310
8050,933
26,793
19,194
17,10
39,256
5114,697
5249,610
5371,749
5592,923
5698,602
5269,341
18,881
58,328
45,19
10095,602
9926,788
10246,472
10348,888
10345,213
10520,840
10489,99
11056,786
3792,375
22,248
16,230
5599,814
6656,913
6218,883
6766,610
5895,911
17030,707
17033,374
17007,564
9489,500
9268,185
9410,973
10341,485
10356,892
10446,667
10550,829
27,257
16,171
3499,898
3531,342
3536,437
3782,991
3751,800
4112,634
3938,348
35,303
14686,694
6800,740
6789,768
7354,290
7691,300
7842,619
7980,799
8043,261
20,27
17931,981
4644,703
12178,736
4129,729
4191,259
4763,474
45,297
18688,709
8797,256
18907,317
18815,501
8928,621
9815,661
9736,688
20553,983
12493,575
10151,39
2785,562
2892,659
2736,837
2716,156
2907,961
13713,725
13638,114
2664,351
3369,225
3338,665
3483,937
3353,636
3574,590
23,9
12318,471
2927,690
3283,648
3506,650
3293,974
3542,857
12355,796
26,209
40,230
12936,638
12996,873
4411,829
4348,450
4701,807
4692,362
4722,110
23,578
15132,741
6974,804
7006,984
7706,350
7774,216
7628,706
7543,693
7472,31
7701,874
16,41
10327,294
10346,830
10229,611
10569,993
10464,180
10655,273
11260,950
11318,714
11364,206
28,218
29761,827
6058,589
35,233
22,966
157,428
37,332
325,846
53051,529
54569,680
54525,93
54387,713
54608,402
48003,199
48093,91
48687,411
48652,444
49307,936
23,721
44,105
63,581
66,98
12043,991
12066,264
12068,285
12828,464
12842,548
12687,544
5979,930
76,41
28226,836
28230,557
30957,797
18643,386
18840,560
19262,107
20424,527
20189,705
28706,468
31262,401
10333,478
10395,169
10374,501
10446,90
10949,644
11011,742
11244,264
5050,663
11353,595
23,269
14,47
53,34
11,128
52,129
8863,878
8882,849
25,266
15,207
25378,638
28,385
34460,732
34146,508
34450,960
28326,349
19800,233
28505,123
13186,542
28464,610
13470,368
170,362
249,43
243,52
3624,336
4233,606
4340,228
4518,14
4649,50
4459,964
3911,391
177,296
23,734
51,928
393,44
21,244
26,2
8922,831
8951,124
9371,434
9514,461
1678,710
9188,357
2182,395
2189,333
2336,223
27,780
9,857
22,439
18,123
7244,791
7358,549
7333,626
8350,578
8416,472
8451,508
136,98
16522,388
16886,836
16276,211
16930,97
16386,218
17807,456
17394,290
17897,297
18018,515
93,550
69,308
77,287
11707,846
12434,664
14193,807
14406,551
14969,498
122,0
100,425
29655,732
30023,842
30119,447
23498,188
16725,292
16707,559
18990,722
402,316
23172,663
15503,553
17145,747
17572,488
17701,316
17736,394
17773,87
19787,507
67,627
54,24
18408,171
22456,431
22463,855
22522,652
5789,155
5728,52
6312,830
5608,802
13,141
54,47
717,177
408,107
16,784
25,51
93,692
329,63
9051,249
8672,360
52,385
57,381
20,123
13,938
653,881
347,12
1548,508
23,561
7289,245
7220,462
251,203
55,732
488,519
10,18
49,205
525,593
766,172
1647,437
59,222
60,781
47,22
57,69
1407,960
1553,214
1470,271
1313,269
2008,672
11,292
66,763
278,657
134,605
50,695
1146,199
64,51
2971,882
3747,115
3529,825
4753,261
4950,186
4832,484
138,297
84,377
32,259
108,159
76,355
675,787
2492,989
1310,945
3133,941
3318,698
11,428
16,737
110,536
811,652
8,541
806,752
1493,626
1481,309
59814,563
16,122
57489,113
24,228
12,48
15,393
16,63
12,129
4982,283
3772,528
4256,954
4284,686
4791,842
45,52
18,215
10925,585
10737,733
10921,548
10946,712
10855,522
11599,835
11465,762
27,354
20,231
174,106
19,64
18790,404
25838,993
19359,506
7704,218
6902,802
7204,583
15,552
68,650
114,535
11,264
125,41
112,253
10,690
107,261
13119,652
13215,637
7070,865
6752,289
7497,586
7547,139
7433,186
7634,921
13105,270
47,238
194,267
9,666
15026,624
14671,778
15012,151
8967,431
15242,229
8850,335
8904,279
8895,325
9025,295
8877,110
28,810
53,537
9,617
113,225
29,363
6649,759
6620,723
7039,920
6966,564
7475,988
80,384
13,260
17,979
196,78
12372,988
12619,715
12761,765
12860,892
13134,113
13549,359
7682,965
7729,42
7809,824
27,222
55,158
38,191
4244,791
4968,800
4615,547
5028,450
5401,393
5374,123
18467,781
87,234
43,162
26,914
13,34
7722,898
7858,338
7819,651
8627,612
8684,533
2151,304
8003,941
13094,64
13089,331
13071,457
4718,731
4750,692
5095,560
5182,258
5378,938
4176,267
5181,412
4701,456
5078,297
5496,920
4761,896
5741,921
5798,202
5786,242
5839,537
5061,955
5119,76
14,445
22,140
15,51
4354,464
4318,870
4841,229
4825,159
4885,942
5387,615
4383,266
29,677
22,135
7485,568
7594,590
7573,642
8297,899
8153,904
8404,525
8415,599
8418,246
23,342
42,1
27,186
55,128
9,91
4821,767
19867,869
5176,986
5300,513
5204,679
19,83
8132,769
8119,526
8813,880
8731,374
9954,469
10052,708
10604,218
8780,261
8882,790
15956,268
4133,438
4228,652
4269,256
4783,439
4902,283
5380,315
5605,686
5932,187
5954,30
21,418
25,60
48,23
4321,929
4490,815
5440,709
5482,702
5392,119
4325,863
4527,327
42,568
101,200
23,36
98,168
56,40
9175,251
9348,859
9161,222
9808,686
10137,61
2815,737
3111,838
13705,594
13705,474
13788,305
4786,826
4920,117
4831,270
5369,380
5346,959
5373,713
58,33
59,48
19072,434
6317,137
6429,254
6804,576
7145,607
7243,509
7490,735
6308,833
14,746
12,617
8617,876
8686,695
8844,873
8870,214
9453,599
9659,463
9623,116
9757,396
4027,565
4521,963
25,50
3974,304
4200,126
4144,83
4117,801
4228,132
4191,792
5111,764
4978,581
5095,568
21,465
22,396
16,371
13,98
54,220
8173,690
8541,704
8221,682
8213,612
8444,396
1773,404
2326,746
2365,660
2833,682
42,34
10,7
5798,302
14689,496
5892,349
6027,578
6484,785
6687,920
20,553
17109,944
17145,299
7914,682
7868,646
8409,348
8393,622
8623,987
9007,802
4240,682
19620,96
4294,124
14050,643
5036,823
4986,198
5012,517
5017,284
5075,536
28,101
32,110
3770,805
15700,587
3896,678
4641,670
4578,650
4707,365
4761,270
4751,249
54,651
52,142
22,449
18,94
8858,670
8949,840
1197,79
9989,362
10024,727
10026,71
10079,309
10441,768
2460,489
26,26
4677,199
4658,318
4619,30
5582,168
5655,679
5703,134
5372,732
4757,795
4811,12
45,68
25,438
32,430
165,860
94,96
7654,958
7677,884
7609,656
8050,926
2457,430
8208,412
2863,952
3073,773
23,30
54,198
14230,573
14555,973
4788,471
4953,963
5093,231
5228,494
5363,813
5356,595
24,37
6,74
13,74
8269,746
8634,898
9129,931
9149,315
9380,674
9550,68
9681,424
111,436
187,33
14705,853
14700,707
15007,606
4933,768
4838,464
5927,409
5945,474
5958,676
23,4
6692,306
7540,397
7464,464
7448,760
7851,972
7969,582
8183,749
6685,632
6708,616
16,429
25,297
4383,329
4407,722
12702,554
12674,303
4758,921
5028,901
5004,463
16,45
13,219
16220,948
8304,486
8271,364
8741,887
8841,713
9157,402
9113,344
9205,535
36,147
13619,221
4570,241
4690,617
4728,387
4941,760
5460,916
13638,857
4569,903
5519,117
20,496
73,141
38,62
10,73
21,111
8175,964
8283,440
8123,780
8491,497
3030,890
8809,575
3743,630
3711,467
8164,220
5236,145
5214,710
5477,549
5477,792
5935,889
5966,574
6025,95
6086,185
6144,295
6179,53
41,572
30,804
25,52
4126,569
4265,527
4264,531
4191,272
5140,969
4841,691
4902,638
23,342
31,391
81,834
9734,243
9546,293
9646,994
9826,657
9972,605
10468,707
9578,176
2356,586
2591,289
18,208
11,91
11,105
13416,746
5372,381
5259,479
5306,360
5366,634
6241,957
18,181
16,348
13,33
15618,799
6841,891
7067,448
7031,790
7551,834
6854,594
7549,306
25,246
31,28
12248,818
3411,590
3501,399
3938,635
3885,447
12198,180
4413,911
12235,339
25,286
50,125
52,132
22,31
7,115
31,945
6994,877
7051,932
7118,603
7760,526
50,435
308,769
110,968
14,228
12,17
22,32
11431,681
11615,797
11987,577
11784,559
12396,916
5605,225
5867,355
5979,234
5900,679
19,248
6864,220
6911,908
7733,525
7657,926
8270,710
8873,448
8877,863
24,1
20,165
18391,538
18598,279
12561,511
3423,762
3894,594
3935,129
4003,413
4065,537
26,267
24,343
149,611
160,152
21,748
6778,550
6667,288
6711,211
6832,127
7173,838
52,558
26,412
43,684
9817,498
9872,731
9798,33
9842,640
10886,822
10940,672
4064,798
4171,547
4154,566
10544,780
26,370
3210,222
3280,622
3570,655
3305,542
3568,891
3815,313
3821,788
3957,78
4293,557
35,711
70,151
92,37
21,691
206,54
107,146
18,326
438,137
518,785
561,337
8655,892
8633,479
8578,151
563,722
7687,577
12422,395
4693,715
4645,498
5678,392
5682,574
5866,651
5892,687
4807,600
30,300
15786,766
3628,664
3844,880
4120,848
4073,960
4462,403
4453,650
15850,282
15767,991
6557,649
7139,671
7161,389
7151,502
32,99
64,111
217,21
17951,480
18003,324
17981,416
4420,468
4420,412
18062,337
18084,899
21,43
57,395
33,549
19,390
6779,876
7251,254
6861,289
7953,956
7986,515
6629,428
20,348
39,757
8847,853
8956,697
8989,862
9474,981
9734,873
9675,283
9670,531
3417,771
9535,205
89,1
18,128
14266,789
4144,447
4328,398
4956,482
5029,468
5012,242
5119,138
5598,490
22,872
16,166
18,60
6857,553
6815,370
7128,464
7265,799
7464,425
6875,761
7072,359
16,220
12,93
20,459
13,376
43,120
13,60
81,242
12,30
22,55
9485,316
2063,253
2017,430
9459,703
2420,897
2401,458
2945,674
2951,210
3056,476
115,638
11,187
11,636
5199,929
5225,886
5617,952
5784,722
5623,353
6564,260
194,507
68,18
8118,670
16334,812
8274,709
8180,971
8373,877
8491,675
9671,885
9805,685
22,111
88,82
14073,566
5075,383
14075,216
5632,568
6109,838
6155,233
6211,740
6170,397
45,755
89,482
241,507
193,359
11,196
7,108
7,532
10,3
309,34
9,12
25,23
1239,76
1197,89
1107,967
1171,540
1349,355
1147,375
1931,690
2763,861
2920,119
38,962
30,21
11,263
4371,531
4391,200
4394,485
4449,104
4434,346
4859,346
4764,661
11,897
143,727
41,83
56,717
10,19
7498,945
7572,780
7679,305
8277,694
1714,448
7744,466
9,103
2030,348
82,65
54,262
35,26
12564,155
12745,133
4429,212
4489,173
5108,598
4512,757
5115,64
31,790
34,828
16,572
15,1
242,226
129,231
7918,669
7569,963
58,116
11,640
7147,122
7093,126
845,598
797,597
2185,425
3729,577
10783,561
4031,900
4194,874
4649,206
4692,696
4760,307
4844,875
31,76
17,55
15162,840
3939,529
15276,79
4085,108
3952,147
3965,261
3874,819
4583,535
23,921
56,71
96,254
85,319
82,15
7564,720
7577,675
7712,867
7874,614
8029,707
15,278
12,110
11,19
13,68
10,11
9412,401
9478,542
9579,827
9705,313
9708,853
4125,244
4108,850
4481,756
4544,248
4528,156
2989,387
3040,330
3048,256
3106,249
2975,301
3599,534
3417,902
3168,966
3963,849
4033,340
26,244
13,22
18,132
9,13
59,347
4407,740
4806,764
4759,902
5164,631
5035,176
45,897
13,190
25,833
5493,470
5606,292
5590,827
6274,545
6232,924
6127,297
5558,310
891,539
130,180
29365,986
29442,923
29572,858
24,420
31187,951
931,832
26,4
10668,217
9563,740
9826,813
10104,970
10091,248
4996,206
4962,63
10678,942
10440,358
56,248
27,798
27,516
169,133
27,308
6895,900
7011,730
6925,772
6873,773
6900,277
15,798
11,39
12,775
12,46
12,169
11,624
43,60
10333,558
9337,420
4028,883
4677,546
4811,370
4813,412
5238,863
3807,238
14,91
34,3
6930,655
15220,317
7481,722
6973,496
7591,596
7455,71
7049,289
38,138
20,458
84,130
20,192
203,171
250,221
330,29
271,420
7100,658
27,640
145,145
10,185
70,129
4227,663
4422,358
4460,644
4373,580
5260,470
5123,748
36,733
7275,37
7396,189
7300,207
7375,324
7740,665
7439,573
7783,30
7828,51
7975,524
1128,923
27,806
7,386
18,737
6,313
5019,925
5065,694
5111,215
5132,655
6,270
61,958
73,993
9412,914
25,27
16667,257
7686,763
7649,98
7641,649
8068,777
19,968
29,242
68,448
202,473
219,315
266,367
9826,900
9945,509
9931,245
9668,196
3291,484
3779,150
3712,735
3879,518
3839,429
4353,480
3711,840
4006,757
4114,698
4613,397
4591,186
4635,107
4657,201
4690,644
12779,874
12764,858
2276,139
2147,410
2857,940
2105,201
2511,269
2427,218
2047,654
2461,609
26,717
14,201
1979,846
2024,764
2030,230
2422,245
3240,499
3143,628
2301,591
2194,931
28,460
24,370
204,212
24,468
11,240
4408,241
3806,445
4098,632
4614,863
4416,700
26,766
105,25
87,822
9,798
61,506
13,332
267,252
43,300
185,145
5170,160
33,474
9,280
20,267
79,950
157,90
411,481
805,224
854,752
38,261
14,864
27,364
20,941
9,58
930,880
1074,795
1533,809
1974,796
44,437
25,215
18,98
11832,793
12223,884
4138,545
12358,452
4292,625
4507,534
4610,301
9,587
23,749
5297,824
5796,957
5959,905
6479,752
6545,623
6607,123
6954,886
27,211
88,297
153,3
18870,841
9583,679
10208,449
10232,373
10344,824
11528,456
21570,417
14915,513
14894,129
14911,126
4249,322
4758,595
4594,402
4882,96
4916,214
30,424
20,46
17621,975
5032,183
5108,575
5874,527
6611,837
5463,339
5194,754
5308,449
86,88
6,3
7,512
8244,635
8203,972
8413,969
8692,637
9417,858
9477,273
10,398
169,75
26,42
14315,694
3062,857
3105,93
20363,529
14392,921
2822,843
14374,494
13,666
16,119
16,366
8729,943
8775,850
9205,685
9349,880
9882,946
28,301
19368,659
19518,729
13834,350
14270,550
4110,958
4421,610
4496,215
4586,76
13771,607
26,205
6532,167
6520,599
6640,106
7518,27
6573,26
6539,486
6610,51
7202,265
6726,513
16,953
18,222
12,387
194,603
11,911
28,689
13,260
3178,970
3290,598
3345,629
3474,466
4123,681
4135,227
4063,873
4698,985
22,476
6794,684
7133,246
7691,354
7666,813
8028,538
8219,638
7124,996
7628,648
70,886
27,64
18812,987
12453,311
3627,595
3799,651
4637,741
4257,452
3541,906
26,82
15,37
15,34
14836,812
7327,340
7346,971
7574,171
8229,977
8244,675
16,71
14,233
23,60
18721,637
10333,721
10297,822
10924,750
11217,814
5428,522
11298,569
5665,903
46,121
16,54
23,92
10599,691
17411,996
11473,784
11907,811
6045,757
11499,946
11385,912
283,27
44,160
29,17
7862,796
8120,661
7886,545
17354,289
17310,306
7730,687
7944,211
36,220
12,425
2644,981
2606,889
3148,311
3039,693
3406,723
3576,700
3547,448
3917,807
82,106
60,26
7003,310
7342,784
7138,174
375,24
407,154
7968,625
8469,745
8182,546
8528,133
23,304
3490,927
18424,457
3503,336
3893,839
3820,439
3874,287
4361,397
4262,399
4405,40
26,308
51,678
6905,367
6992,905
6929,132
7471,367
7499,705
7431,236
7618,547
7565,734
15,31
8518,647
8564,889
8946,400
8918,774
9334,880
9321,543
9477,501
9417,420
20278,869
14269,951
5073,227
5117,835
29,216
29,94
16893,578
16927,700
17042,876
17101,142
17142,365
4163,391
17135,66
27,63
22,550
8847,810
546,802
7487,592
7589,989
7557,620
7991,873
8052,724
8314,233
16,102
78,174
24,35
176,228
16,183
109,644
229,844
185,157
20,47
9859,407
3398,417
3457,773
4165,474
3069,788
3106,295
3156,334
9887,528
4198,593
52,160
15,23
15,53
79,630
5830,805
5857,529
5865,686
5915,715
5940,527
6679,481
22,109
15,646
57,793
26,71
126,54
8767,200
8837,397
9035,999
1187,455
8895,513
8987,499
1619,595
1786,589
22,134
62,74
16,0
11806,456
3940,627
11785,671
4198,965
4200,443
4386,386
4426,623
24,397
96,206
9,508
6653,929
6766,881
7111,973
7153,401
7095,309
7962,461
7844,530
18,533
8242,263
8295,917
8640,358
8624,852
9255,965
9506,737
9537,560
9522,349
8350,741
14189,310
4569,945
4753,879
5172,846
5244,921
5586,980
22,37
23,262
15839,892
16168,939
16262,349
16219,485
4516,538
4646,669
4976,221
5785,916
25,460
65,25
43,239
6906,815
6948,466
7202,410
7237,905
7743,427
7677,499
6686,772
8,803
25,323
12287,775
12262,280
4064,852
4358,919
4232,204
4313,653
4912,624
4925,907
4965,101
19,217
7111,287
7194,875
7483,802
7571,355
7727,332
7913,803
7910,69
8034,54
7961,73
18,143
34,13
24,97
8560,662
8569,691
8569,569
8612,187
8750,329
9122,994
9267,621
23,167
5759,717
14123,158
20184,362
6252,714
6659,574
6622,799
6950,422
6989,504
6875,549
167,794
288,74
395,144
9561,571
9501,495
9500,195
9755,393
9705,282
10510,866
9888,366
3090,143
3084,563
3099,378
20,256
4223,826
4483,806
4537,642
4575,232
5131,397
5499,104
5546,514
20,50
24,38
16076,192
15972,329
7343,811
7626,790
7607,775
7633,176
7862,188
7863,566
8031,671
21,44
3398,817
3616,715
3583,688
3986,402
3822,768
3900,645
60,50
25,37
15490,938
8685,317
15933,482
8369,499
16091,540
8555,97
9816,324
2676,345
9754,148
22,48
12952,345
3570,130
3599,668
3707,940
4387,211
4317,632
4359,730
4328,292
4457,843
19,57
17,246
5890,645
6122,803
6516,887
6583,617
6795,518
6130,992
14,321
17187,593
17076,912
9726,779
9807,435
10199,835
10249,354
10410,251
10461,871
10477,596
27,42
16,330
4946,510
15003,755
5200,202
5232,707
5268,645
5749,142
4878,68
4895,341
20,785
15,359
7383,589
7435,725
7692,722
7705,803
8357,121
8550,713
8724,494
9256,371
12400,912
12367,228
2558,194
2654,99
3164,608
3129,779
3374,847
3363,764
3697,214
3660,928
25,181
19,21
16,28
17,151
8486,361
8517,935
8777,548
8750,508
8776,581
9405,688
2758,902
25,372
13486,475
13542,429
14086,492
5423,386
5459,274
5802,657
5897,666
5980,403
6049,170
22,325
7798,488
7746,565
8422,822
8624,984
9134,842
9555,455
26,217
19793,646
19923,990
20356,997
4939,131
14208,479
4967,320
5113,336
5147,696
27,474
16,26
16738,711
8651,792
8644,189
8751,500
9233,932
9241,316
9197,218
8690,803
25,163
16,65
5769,530
6186,489
6429,732
6554,375
6577,751
13787,541
13776,654
6723,368
16,110
8513,244
9017,620
8793,764
10420,920
10635,273
10710,724
10415,765
22,438
19,7
20315,622
20402,421
13397,170
3148,292
3184,534
4088,830
3124,894
12898,740
4453,678
4745,736
5096,133
5055,920
5670,291
5727,766
5704,478
74,75
25,320
18,127
14822,943
15321,975
3811,973
3734,299
4280,807
4286,622
4436,822
23,71
16,124
9,394
38,307
18,22
4635,882
4621,878
4843,363
5196,840
4964,694
23,780
6482,492
6547,602
6712,453
7275,328
103,156
8075,539
8508,424
8804,732
9933,284
10499,747
20,266
11454,754
11592,734
12000,968
8838,885
5383,388
5434,783
5804,34
5830,630
5817,631
20,970
69,60
7,45
5734,564
5824,295
5810,709
5876,310
5842,99
5907,240
6432,871
15,573
25,22
9,371
43,705
7225,602
7561,250
7511,597
7419,713
8054,897
20,93
17878,704
11518,927
18153,261
11792,963
4749,438
4815,799
4746,210
4842,454
4808,397
57,351
119,264
27,232
5143,685
5172,14
5638,892
5677,63
5765,349
5789,171
6163,954
380,125
15,859
58,74
13,52
397,834
593,52
108,115
26,8
9,105
362,906
414,60
418,237
9114,435
562,142
8010,718
9613,649
1471,796
22,188
16,146
24,9
4009,788
4059,511
4095,952
4157,388
4118,210
4594,787
4652,70
52,92
38,92
37,394
226,931
203,642
4501,484
5084,313
5591,537
4571,732
4819,423
28,736
77,784
11,505
277,518
258,397
12,426
5823,989
5613,399
5855,692
5630,580
48,742
26,111
13,410
23,221
61,1
28,450
7988,983
124,127
8514,219
1851,223
8118,498
7768,262
10,518
1801,606
8237,532
41,232
90,549
27,106
74,822
21,93
3669,140
4120,597
3659,815
3929,815
4057,385
27,898
30,472
12,672
94,716
15,114
6542,663
6402,715
6552,429
6475,901
9,125
14,108
23,109
6,255
25,327
17123,634
9581,872
9577,991
10085,727
10081,764
10426,347
2550,476
11465,684
11697,399
3754,772
4082,492
4104,178
4448,246
4089,897
22,259
13560,628
13499,32
13446,363
3043,423
2973,546
2987,656
3810,760
3814,874
20,145
13683,576
5486,117
5541,340
5496,222
5856,554
5830,869
6019,809
6179,778
6388,758
21,388
62,569
164,87
21,147
25,337
9242,916
9785,784
9642,738
10070,796
9094,818
18596,988
12152,998
12231,312
3781,734
4125,927
12363,923
26,331
13945,807
13909,696
14159,823
14751,712
3789,597
3801,208
3777,572
26,24
13045,263
5417,597
13469,891
5369,120
5414,138
5638,874
5647,422
5662,228
5919,197
48,307
9,17
24,60
6591,420
120,860
6623,535
6692,718
7546,379
7370,456
7575,574
7516,813
7325,778
34,50
11,232
95,359
3227,388
3237,943
2727,142
2898,823
2924,233
3528,344
3087,974
25,938
89,376
10,725
18,81
5332,392
5382,844
5828,788
6508,987
6646,807
6004,526
17,525
13,507
6651,748
36,57
20,103
6894,948
7531,400
7580,393
7732,780
8139,471
8000,409
8043,172
27,228
20,438
91,97
102,6
56,853
3526,733
3608,308
3424,562
3325,606
3508,355
24,449
16,178
8,896
63,189
118,461
14,258
54,25
9,203
7371,987
7410,943
25,518
40,185
253,490
355,22
446,93
553,648
470,96
484,19
499,516
33,153
14,202
1339,548
8451,864
1302,648
1467,787
1510,696
1398,783
1865,480
2156,442
22,42
14,27
32,49
23,492
3107,881
3229,877
3443,333
3466,302
3514,293
3497,764
25,522
4782,287
5107,403
5062,667
5478,979
5438,646
6065,500
5947,409
4711,373
18,191
13,10
14369,874
5850,734
5863,249
5904,323
5992,819
6123,690
6511,661
6804,445
165,369
80,230
258,189
256,242
23,74
9513,375
10002,196
10256,953
10622,786
10466,218
10428,245
2345,732
2396,175
2415,275
45,339
133,418
105,11
27,24
154,284
22,12
3430,665
3517,711
3476,669
3888,893
23,600
15,924
8,464
11,11
22,30
4740,586
4726,784
4732,227
4957,183
4740,653
66,393
36,507
75,183
13,115
266,790
299,948
464,663
126,339
29,375
5582,130
35,223
10,796
20,987
200,855
13,247
698,426
572,382
23,132
8713,164
8574,747
8352,964
1157,752
1297,249
1618,620
1662,752
1675,517
1778,541
21,442
15,93
14,21
2381,321
2549,787
3277,115
3216,355
3364,255
3670,128
2416,942
29,410
9,438
17,360
18,722
48,955
191,344
194,274
178,54
5275,846
5077,267
27,890
44,514
29,171
7,220
137,380
330,442
266,57
306,570
26,122
9,776
16,968
7833,937
72,327
8249,357
72,390
1839,719
8426,784
8322,693
2550,674
2707,138
3789,640
4008,96
3895,93
4347,817
4293,255
4065,500
22,14
17,24
61,4
3547,610
3593,854
3673,824
3873,840
4054,723
4266,802
3778,611
55,213
14,788
22,306
277,309
176,143
3859,224
4005,886
4228,175
4174,904
25,199
21,340
62,223
33,693
11,218
37,373
667,931
231,480
141,871
965,398
35,202
88,332
42,445
204,849
308,107
323,568
377,12
346,742
737,111
244,234
23,604
925,457
13,194
50,295
29,64
38,690
8,80
55,937
3421,75
3406,594
15,916
85,821
48,63
386,271
420,172
425,427
496,797
546,197
61,72
412,988
169,130
13,101
144,395
96,403
198,331
444,358
490,116
24,750
85,621
53,244
35,860
18,439
9,848
60,541
267,511
277,90
310,84
409,100
504,230
1128,736
40,236
8,409
6,298
15,37
42,505
131,624
2001,940
1763,835
1994,517
1917,815
245,187
13,374
21,861
17,56
62,167
357,493
2646,722
2360,234
2222,954
2157,156
91,874
11,279
9,341
27,341
12,814
265,424
25,414
76,102
4812,633
4848,621
18,909
20,546
14,568
20,794
30,41
4940,104
5041,270
5091,847
5633,755
5236,557
28,565
25,302
55,218
3809,863
3812,988
4049,871
3972,202
4537,854
4557,660
4670,619
60,78
34,168
10,170
10,234
5155,765
5154,823
5371,893
5154,711
5730,532
8,352
43,611
10,508
76,93
13547,397
68,69
4858,336
5007,355
5016,969
4908,604
16,482
25,718
81,135
32,465
11,169
402,705
450,569
7244,828
6258,353
7610,124
29,804
61,422
219,4
176,739
158,460
12,151
360,308
380,32
441,490
5887,934
70,345
351,177
1193,950
39,705
473,690
516,426
788,657
15,475
80,175
11,276
359,907
12,635
196,79
16,960
35,128
14,914
1072,676
20,423
82,834
12,0
24,645
166,271
12,198
9,931
217,198
95,163
29,198
145,218
102,950
6863,608
419,853
75,70
10,502
20,142
18,769
12,687
553,564
5643,442
5751,258
5998,274
7,587
50,528
182,502
290,75
13,174
317,603
298,621
6239,679
6137,518
6101,192
27,288
6,913
375,374
305,106
363,118
374,608
122,460
9,225
333,14
606,417
27,664
22,541
132,546
177,698
167,604
154,898
525,154
3100,941
2697,998
2953,438
7,570
379,35
279,313
188,562
326,212
189,151
646,850
837,816
1111,923
39,430
24,618
91,719
14,15
64,301
20,797
706,464
870,605
805,9
1402,779
1244,688
59,112
118,272
51,797
43,819
28,120
404,333
26,196
413,520
840,359
21,524
65,895
19,851
11,564
11,240
58,765
1801,712
1891,896
13,423
50,16
12359,759
2564,734
2598,794
3083,281
2982,509
3542,948
12903,871
13272,326
13303,529
2543,449
2516,426
2656,330
3389,522
3667,788
3629,879
11172,979
11087,681
22,912
20,685
225,915
70,41
9,425
607,575
541,645
701,519
25,195
7360,860
25,111
25,383
172,676
11,613
397,901
28,223
6977,836
7412,872
7580,741
7596,395
26,332
85,449
6,738
3457,998
3478,725
3853,166
4147,191
5209,559
21,385
149,63
1197,998
1482,643
1531,470
1471,788
340,131
13007,513
1947,977
12983,840
28,451
7,224
62,539
59,589
12,591
55,310
11,813
1394,894
1236,543
6756,767
52,784
186,2
18,772
579,161
615,74
672,850
648,101
43,118
50,152
3624,268
28,665
100,159
9,323
13,993
384,251
2075,750
2382,280
2962,855
3033,374
2979,673
31,989
96,845
464,486
530,724
521,3
512,406
935,690
1226,559
1184,507
1338,887
21,111
50,267
19,123
11,431
13,67
11,129
273,779
38,320
530,449
870,831
29,235
22,352
13,695
31,664
361,127
370,385
397,183
373,210
1102,871
339,208
22,455
9,157
41,204
16,442
97,987
183,412
25,102
10,551
10,27
648,942
57,190
16,657
48,383
165,8
377,305
400,356
480,498
171,473
449,331
70,424
52,399
27,173
125,267
384,919
282,117
569,519
376,404
412,224
43,790
638,840
26,706
46,328
32,648
6,18
20,795
547,687
38,491
860,872
624,809
257,826
18,649
32,773
16,569
9,888
375,97
78,924
1243,679
768,500
1421,350
1804,679
22,536
16,4
20,98
2353,256
2342,840
2523,849
2822,522
2802,641
2932,132
3124,317
25,208
14,16
49,81
17,249
1755,665
1751,543
2100,976
2105,34
2054,634
1799,735
32,868
282,243
17,214
374,459
939,556
526,899
1685,992
20,17
255,588
297,774
287,229
331,199
462,151
446,181
10639,637
980,836
10,35
1106,956
385,778
82,171
6,11
23,15
4226,461
4232,500
4739,707
5184,926
5062,418
5340,324
4289,655
43,138
121,998
10,789
569,138
601,375
763,524
1505,971
1764,294
1609,219
1923,883
37,814
119,971
16,47
23,60
642,307
588,110
552,645
636,6
1569,838
1796,454
18,239
363,187
20,930
10,951
8,419
168,169
231,252
132,210
1172,812
283,411
31,306
20,950
50,548
42,442
62,186
10,794
7,464
155,305
130,242
56,730
29,158
30,523
11,245
17,534
84,167
331,725
20,598
286,776
1066,976
577,712
130,818
29,723
13,51
9,243
466,827
349,377
461,263
630,165
758,220
1323,671
28,35
9,313
48,357
14,244
443,315
434,140
898,983
41,100
1157,836
310,281
48,489
82,682
7,299
11,35
9,817
1100,85
1159,664
61,894
2254,748
2089,180
29,215
130,888
16,681
9,161
19,467
393,719
1172,494
1115,666
1267,527
377,12
29,782
9,29
128,737
21,79
20,714
73,33
366,689
311,490
896,422
1173,902
38,749
25,363
209,610
66,137
499,916
537,494
273,789
323,73
30,299
152,354
25,79
52,217
11,443
44,857
283,337
491,622
389,92
710,930
410,917
16,208
8,264
10,193
8,332
220,45
384,447
66,843
732,559
397,174
462,787
2474,798
44,12
194,835
13,571
507,568
102,900
605,453
928,926
1940,847
2078,931
1883,420
49,610
173,663
68,221
13,865
53,569
425,735
331,766
460,288
13,254
925,617
19,562
983,520
109,432
1501,189
230,814
8942,951
9051,418
9116,850
255,400
15,148
99,235
11,459
7,373
6,237
550,863
628,279
547,119
8687,842
12,213
121,504
22,348
163,171
159,468
48,153
242,115
214,45
185,926
375,574
182,53
15,693
12,270
72,683
917,625
283,796
104,269
16,551
15,201
13,901
290,269
99,333
231,517
9,1
18,268
20,304
19,57
50,292
273,123
104,501
59,270
22,988
43,129
11,896
506,398
804,292
1275,59
1446,340
2203,907
25,277
316,620
127,446
121,449
430,157
484,179
377,96
559,490
1019,868
687,453
1337,719
304,425
34,241
108,378
19,466
18,828
18,534
769,540
785,990
1016,888
1181,939
9,128
19,798
12,142
137,792
60,122
285,80
352,66
24,351
432,135
11,153
492,794
16,503
14,116
111,814
44,139
20,116
14,950
25,769
1371,898
1315,760
795,490
33,632
8,579
13,275
54,243
425,224
525,721
1731,719
58,397
10226,948
10272,808
10,666
19,392
24,840
17,416
350,759
232,525
157,504
291,671
39,754
252,601
10,289
62,691
242,268
251,685
590,780
269,341
1048,729
6330,492
22,641
235,281
30,843
9,232
9,480
13,443
300,130
19,836
5810,723
5760,908
20,386
77,613
17,406
292,825
28,219
13,330
455,835
3828,738
3808,614
4430,920
53,330
16,599
8,632
258,772
32,536
410,391
522,86
494,405
532,979
979,776
147,936
164,313
196,427
196,196
10,7
346,649
914,308
601,733
1834,494
1780,532
44,493
15,59
22,46
268,33
237,745
177,26
244,91
219,794
45,987
11,402
50,33
40,507
9,430
10,165
32,721
21,990
592,573
973,855
1083,259
9076,866
246,347
53,407
29,208
13,820
1882,567
2332,464
2354,393
1979,217
2434,182
2990,606
27,375
93,297
346,18
694,926
882,629
1601,430
1694,688
320,345
20,118
10,551
11,429
59,345
48,516
11,381
9,109
14,478
721,980
152,509
1009,934
885,642
57,383
15,798
22,739
278,699
260,806
393,837
653,858
1117,453
1018,618
1072,691
12,315
273,437
61,415
1578,250
2123,980
2137,585
2395,818
30,145
7484,988
8455,746
41,838
19,711
41,786
9,195
13,722
3322,774
3126,743
3757,638
3373,321
3553,395
30,212
57,89
13,512
101,634
25,583
84,554
683,289
454,806
426,558
1019,357
29,697
25,626
96,487
14,851
412,87
390,792
450,471
1072,552
1110,427
854,925
29,247
14,763
151,612
23,439
13,534
12,255
334,791
153,731
1179,916
986,825
27,687
50,395
9,820
137,30
194,679
14,103
318,925
689,161
1141,729
995,501
114,46
36,102
303,510
30,15
21,458
13,572
94,30
742,627
675,423
1056,751
24,451
34,429
45,461
19,964
57,154
697,219
468,92
1703,913
1550,794
12,112
27,988
14,516
444,617
789,486
843,402
931,436
10,437
14,808
7310,898
7727,973
67,202
38,58
9,660
44,905
9,834
370,373
292,147
321,899
29,200
562,526
20,573
25,95
13,845
17,371
26,32
45,720
950,696
965,98
1023,179
267,675
37,614
61,227
21,92
148,632
562,866
816,747
906,94
1415,967
1307,782
542,397
7,421
92,706
30,266
263,24
243,767
488,740
1167,816
1060,666
5017,400
4782,908
9,247
15,789
555,618
981,570
971,651
26,202
118,196
20,682
225,489
861,460
28,275
39,513
14,77
207,265
144,207
54,290
653,773
331,467
36,26
745,781
17,316
11,114
8,624
9,481
430,163
479,927
28,74
15,20
12,550
948,803
13,381
32,288
31,770
10,911
14,951
4838,450
5557,333
5384,954
5138,833
4824,657
67,854
54,519
41,829
299,864
328,612
382,159
658,891
1059,578
1044,807
388,751
42,70
17,373
9,28
301,809
344,786
24,537
370,313
359,105
2045,647
1881,255
22,149
19,86
40,0
12,472
41,329
237,678
493,647
68,259
131,52
38,336
9,443
22,433
20,730
10,15
20,768
377,307
434,423
841,821
870,690
10,100
67,77
12,52
15,514
32,133
128,864
30,230
66,319
15,309
130,618
52,547
53,342
100,428
1356,698
1490,631
1567,902
1475,283
1606,397
2159,209
297,913
488,22
153,94
30,540
99,846
2111,285
2052,602
2367,595
2616,628
3721,150
3654,597
3595,297
31,714
9,971
164,4
154,108
96,958
242,256
60,869
64,870
160,869
48,184
11,610
10,101
21,281
9,453
43,669
24,144
20,308
11,142
495,598
9,875
707,276
19,67
47,872
21,970
10,20
76,451
31,606
26,429
1077,629
515,954
17,902
27,843
32,111
8,876
50,331
14,586
217,95
11,630
563,977
34,843
18,181
18,300
6,500
18,588
17,157
83,870
36,517
13,653
62,318
297,192
21,320
13,302
25,481
25,539
1763,515
1999,263
1967,752
1972,852
2076,380
2179,402
75,805
30,888
48,10
60,82
370,735
3691,406
3634,220
3699,213
3812,464
3436,674
25,610
48,250
31,526
86,253
7,891
276,309
5804,874
6374,925
6414,831
6337,590
99,603
286,350
29,550
254,140
388,292
22,171
12956,939
13327,865
13504,785
12718,455
13199,468
3362,556
14588,791
14525,543
14932,425
2657,279
2607,661
23,278
14963,615
15047,298
15208,127
15048,159
15231,600
6060,192
6075,317
6092,843
5444,343
24,184
26,91
171,519
168,33
5810,639
5733,692
5524,970
5836,754
5766,606
6094,782
16,184
14,126
25,267
7995,714
8005,898
8040,800
8018,583
8650,489
8734,753
9338,762
28,528
56,3
50,54
115,608
10,673
18,182
33,608
43,78
8,56
10357,493
680,356
11003,922
11129,928
10409,252
656,494
310,507
16,162
31,898
1719,836
2222,756
2130,826
1914,823
1744,842
5494,511
5487,398
5433,594
46,249
18427,540
19161,586
19421,629
19585,843
10592,831
19458,372
18580,277
18136,814
18531,78
18428,717
24,356
11,37
14,74
17,322
17956,716
18225,230
18284,405
8988,937
9240,886
18041,755
18117,338
9348,969
18277,509
3461,790
3497,716
3623,583
2997,135
2927,37
2948,710
2917,334
23008,423
3494,30
3735,496
3162,297
3254,823
3238,897
3205,200
3513,922
3524,614
4094,396
4205,526
4197,656
25,56
18873,181
4657,422
4702,486
5213,734
5244,292
5300,103
5216,515
5472,106
6125,903
117,176
26,224
7883,424
7938,206
7978,563
8338,157
8355,983
8395,254
8501,529
8720,357
14,942
45,590
14,99
18,208
8380,727
8690,862
8976,906
8859,448
8160,693
8316,283
93,201
120,281
6823,702
7039,786
6918,955
7435,912
7486,815
7733,712
7915,747
17981,657
6852,428
7098,717
7042,587
6996,37
7109,204
7089,253
7429,436
7423,315
7608,724
84,681
14,685
39,809
28,797
578,316
652,43
758,852
797,343
1209,827
1470,988
14,221
30,328
14,194
26,626
392,909
23,177
436,734
777,876
987,889
1198,586
21,904
169,408
28,31
30,371
47,477
552,280
467,340
1731,852
2037,885
2025,346
56,763
11,845
9,113
14,186
480,913
547,115
1054,800
1218,890
22,544
3738,851
329,989
27,395
19,519
13,265
8,381
239,687
286,957
11,439
18,143
1326,673
14,338
20,222
29,130
7,228
160,25
9,289
546,992
599,438
450,191
31,707
29,620
13,886
8,176
13,351
12,214
26,301
922,771
18,880
1083,825
209,330
22,266
53,691
259,34
37,803
1526,872
1484,291
924,158
26,210
8,267
11,331
38,916
155,405
246,577
464,328
793,133
835,326
519,342
865,462
1036,78
1722,90
18,237
126,471
68,439
35,303
356,122
573,579
677,965
1084,366
1538,240
1897,853
28,804
19,252
13,638
35,618
12,873
626,785
1922,818
2195,278
815,660
1318,707
19,609
156,599
54,213
50,70
10,475
612,295
876,927
786,332
1530,552
191,253
9,759
16,962
366,512
9,306
23,305
25,615
99,260
14,80
514,705
28,10
23,701
21,665
14,662
52,934
9,550
262,575
315,126
265,164
296,341
12,478
11,458
27,245
193,585
713,267
923,175
675,869
8,613
1302,706
108,699
97,480
28,586
84,838
22,857
62,293
9,63
342,965
277,404
1665,723
1878,413
526,485
26,957
8,109
68,271
9,344
16,98
50,411
882,963
1613,418
10,719
121,516
22,290
9,14
11,412
7,144
11,140
14,71
457,976
151,155
497,38
498,354
44,409
157,34
25,584
9,469
490,489
1109,666
1319,979
1345,163
1207,248
10,802
29,746
53,901
12,716
19,620
381,493
351,554
334,239
477,674
1300,903
1144,433
10,789
904,672
1528,541
1752,541
1006,496
69,601
8,776
239,14
9,261
24,16
25,798
110,314
12,796
227,612
16,48
66,785
241,124
441,946
28,324
491,899
29,2
22,765
11,250
283,754
8,226
41,240
10,207
240,121
12,153
970,977
27,513
75,161
112,761
19,371
395,831
626,395
590,56
1262,461
1204,711
1503,990
30,119
109,508
57,45
366,228
370,437
461,391
829,790
1421,729
1504,726
506,684
69,247
42,370
22,657
23,598
751,403
792,354
939,718
1581,453
1569,862
1689,236
20,222
436,184
480,225
432,773
941,850
1226,795
1420,904
106,214
1797,958
57,718
192,986
