139,497
216,56
326,753
1253,573
86,107
98,125
168,961
105,708
841,874
830,676
97,362
105,151
67,690
485,640
1042,439
1244,891
1165,47
198,420
2566,693
2086,785
75,775
128,564
987,608
1223,348
2786,56
2569,69
2863,488
3322,819
2503,868
120,45
1024,756
573,679
8674,907
2068,527
2443,375
2657,420
3191,449
54,282
93,341
132,908
207,802
3012,486
3056,229
2969,626
3109,506
3227,29
1588,467
2091,338
2185,210
89,580
64,717
71,327
1417,913
1162,442
180,820
1787,398
2496,877
3627,579
3899,955
610,752
32,194
703,547
54,531
74,919
56,603
55,678
1043,836
52,216
43783,906
300,603
301,300
349,492
570,460
1040,953
163,381
5555,988
5689,98
5846,485
3840,271
156,110
527,776
649,288
488,249
791,477
1323,962
1956,253
1766,523
2565,273
3065,443
172,483
46,226
90,962
150,239
101,745
1602,162
1935,32
2128,443
1593,985
3542,475
608,266
65,700
957,27
45,530
64,390
1639,490
1918,687
2069,902
2039,27
2205,437
724,59
210,751
20,136
1081,262
1072,133
1722,298
1386,536
3526,759
3383,349
3439,382
183,239
663,310
1392,304
72,762
73,84
1681,130
2023,856
3468,831
3672,813
1962,848
65,267
25,250
43,13
99,510
911,535
1595,755
2085,805
2426,482
2471,548
155,631
37,469
654,360
160,470
671,821
555,317
782,616
1053,367
2083,901
1930,463
203,505
212,289
278,343
375,323
573,276
530,114
847,927
1307,996
308,25
313,447
153,418
524,150
50,756
464,398
365,243
439,667
1153,947
1446,723
112,814
43,535
130,110
214,788
23,104
821,356
523,723
658,417
1628,446
1286,685
990,916
1193,730
201,39
108,399
234,410
3396,909
2989,539
3107,703
2931,98
5289,776
4312,697
8687,425
64,43
80,467
4275,901
6766,913
7098,637
8204,164
9014,622
160,974
433,626
774,253
741,254
1330,440
1422,359
1869,369
2138,219
4845,516
2686,433
198,734
1627,319
2409,509
1907,487
2517,406
2290,475
3512,217
10982,528
10975,172
415,852
170,478
77,151
20,37
696,342
956,621
1355,466
1983,883
120,387
4729,861
4946,686
4873,552
112,996
118,195
18,167
216,349
5357,734
5444,635
5446,107
5438,140
5358,152
6327,904
142,662
16,170
31,889
914,939
969,377
126,274
88,917
6943,496
657,556
7982,834
7765,925
7973,792
7013,588
68,239
576,496
798,990
8116,361
9166,394
2170,972
17,279
2986,953
8293,453
8840,855
224,193
369,332
435,470
330,320
422,359
615,41
1276,177
1629,459
1805,148
771,154
38,37
27,81
459,902
553,560
647,344
1138,509
1199,989
496,185
86,601
508,80
9,861
21,394
18,19
29,278
580,985
955,996
56,901
549,519
19,430
28,799
1114,678
1051,842
7277,145
1064,75
54,700
6964,772
880,287
989,93
115,684
26,356
28,227
746,314
507,571
1363,915
1561,492
1613,746
2071,500
11,817
273,372
20,551
56,742
859,847
1210,376
514,490
673,584
142,515
23,381
274,930
30,761
641,539
907,55
948,103
6820,500
6833,425
1300,103
1844,959
17,90
15,308
638,899
616,847
960,249
1197,749
1723,212
1108,114
2333,814
114,555
15,895
275,159
13,269
1043,93
1077,761
1051,781
8271,984
321,657
62,163
149,18
234,163
14,164
19,627
830,80
1239,131
881,417
1755,356
1795,822
760,976
42,907
14,899
12,4
18,263
1226,635
680,214
1539,759
18,237
2455,675
1305,978
397,329
19,366
300,225
101,295
32,612
151,951
338,178
20,162
12,169
46,114
20,764
27,478
170,444
964,190
1594,145
2189,587
129,332
17,915
83,437
57,134
12,263
88,195
103,678
6898,840
1267,971
1740,213
1617,797
2416,727
2098,279
19,149
16,18
58,154
81,498
1325,273
976,289
1067,74
1291,970
1145,625
2054,905
23,539
382,103
154,60
33,517
349,32
284,705
29,34
37,40
45784,221
45769,852
37620,280
37647,144
45783,215
38566,980
38481,408
38951,666
24445,395
47737,951
68,20
43,28
1481,315
1571,692
1666,56
1410,141
2562,718
2560,992
2941,876
10540,946
1088,891
2006,819
2430,270
2656,234
2464,808
2786,583
1691,371
10769,785
10763,349
20,449
158,751
285,459
13,241
552,63
400,621
305,524
50,854
8001,426
8359,685
894,565
8214,979
1868,921
1714,500
10719,644
292,452
532,645
50,202
11099,662
1648,562
37,618
13,895
788,158
37,342
124,325
143,940
34,644
522,986
643,522
1165,698
1483,757
1729,559
6281,475
6436,871
16,17
23,472
21,723
73,586
18,771
377,354
1276,624
943,432
308,539
45,551
16,562
331,177
9552,478
459,146
781,675
759,476
1257,917
14,932
274,603
25,299
58,81
191,654
1304,622
1037,815
13,756
14,143
17,900
14,378
7146,983
22,181
9,114
104,910
60,167
11,689
866,274
36,363
845,171
80,911
27,374
30,126
16,24
76,160
13,352
11,972
12,222
438,53
198,615
370,554
324,324
26,916
76,333
322,870
13,884
12,117
16,838
1329,623
57,175
32,338
1346,674
32,88
17,84
9,43
26,343
11,67
30,184
13,279
1469,680
1511,315
1785,732
193,941
15,495
22,799
1023,167
831,58
1804,538
2326,340
2653,895
16,323
3937,770
99,123
43,545
372,440
2020,744
2051,267
2079,564
3108,374
3038,578
3183,648
2937,402
20,231
12,586
34,246
202,77
422,933
9,22
119,111
2521,396
2354,355
2500,222
42,455
50,831
17,3
121,86
10,683
1224,786
785,419
528,26
649,298
510,561
38,406
70,625
128,338
340,997
537,164
12,103
385,490
13,461
16,262
439,990
14,556
167,812
228,306
32,960
15,450
717,178
850,808
866,788
997,27
1193,876
34,859
45,945
11,648
25,454
526,591
354,685
5820,215
5888,600
5883,974
6569,590
36,141
130,134
11,218
16,69
357,350
396,365
350,562
4613,492
4648,556
4784,993
45,263
34,885
194,705
55,18
353,35
288,74
582,840
759,766
230,373
6467,949
7,648
25,525
132,584
27,272
74,636
700,751
310,352
5711,27
6251,723
5193,288
24,454
164,675
194,178
8,828
352,318
12,248
6388,981
6131,259
6400,998
6974,771
15,346
82,900
86,294
13,515
291,86
346,333
6606,499
6573,812
7408,248
7133,598
52,181
21,325
89,243
11,153
16,880
25,11
8480,441
8493,614
1448,396
1714,687
2221,494
3083,916
10809,761
104,657
20210,964
12415,960
2223,281
2911,593
2900,246
3252,681
3053,343
3868,591
36,67
143,117
88,80
3637,415
3668,616
3725,812
3767,362
3992,73
4550,618
13414,861
128,715
45,294
206,358
298,815
226,426
4867,806
5194,196
5223,767
5421,932
5699,812
16,730
248,119
129,114
298,434
7068,903
6987,850
7739,969
7981,760
8164,895
7417,580
154,7
13,55
21,698
7804,903
7702,701
7899,840
8982,514
9247,978
9285,431
9340,490
52,36
29,725
16,165
13,36
572,428
84,349
26,986
7687,984
8175,776
8136,461
25,137
61,903
295,149
329,808
399,51
624,389
13,67
511,569
14,76
6658,971
29,435
161,192
13,108
25,492
307,834
66,126
69,840
389,653
73,751
5450,781
86,965
26,38
293,297
75,26
612,797
820,648
18,335
13,883
60,77
3813,903
20,240
94,860
66,98
19,436
470,302
381,699
18,690
10,139
20,454
11,179
31,947
22,358
34,612
13,246
13,366
866,683
1001,80
930,762
1154,373
5035,872
195,63
111,988
91,396
44,146
438,267
263,15
368,249
458,781
394,212
518,51
85,829
59,459
13,536
454,295
698,792
411,42
750,586
1072,892
2049,883
2895,675
32,509
1315,304
71,508
54,670
13,488
1019,102
14,498
5052,996
5169,741
5220,661
44,908
49,744
40,766
681,143
748,547
18,148
91,251
104,849
67,393
569,526
143,360
84,772
27,89
13,489
22,204
22,967
1002,639
544,211
797,197
701,920
209,177
14,951
40,115
265,648
971,976
1014,281
2109,967
25,1
49,835
826,488
68,742
15,963
64,143
137,843
13,287
672,300
864,975
1128,72
1601,678
1595,816
34,624
21,299
371,211
60,854
224,121
386,955
19,567
14,499
27,675
13,353
56,496
20,223
15,949
16,277
1117,327
1384,428
1849,999
1367,98
57,116
525,133
54,493
26,729
84,600
329,387
391,34
392,593
21,296
197,455
226,742
635,321
96,227
234,255
17,936
217,501
291,601
25,844
61,818
61,779
82,628
75,819
57,164
324,292
71,145
1421,370
18,512
854,443
791,722
14,942
41,28
14,577
101,730
11,255
192,747
934,17
1447,748
1161,654
1540,527
25,775
305,792
779,692
27,217
59,606
80,316
14,160
178,163
2399,542
2368,863
2747,805
2598,338
2148,147
2683,869
22,79
40,750
27,804
18,765
3656,193
3668,789
3779,225
3723,319
4464,982
4269,531
130,926
57,38
937,630
14,190
24,13
948,346
423,327
518,38
5292,986
5426,909
75,810
146,286
11,29
440,848
515,715
702,157
1107,776
1178,706
1387,136
3610,542
125,844
332,320
64,273
13,918
685,572
969,622
1095,449
15,443
3579,668
4014,900
146,761
225,438
35,66
301,608
176,215
2164,972
1931,815
2989,878
2887,788
2365,523
27,62
29,369
17,952
1496,501
1141,305
1073,555
1461,538
5203,944
5231,524
4937,301
156,843
228,175
197,510
196,50
206,86
363,932
517,332
634,351
1237,979
118,116
10,762
9,61
28,568
12,436
566,6
691,815
473,765
670,225
820,446
16,680
252,789
302,776
906,16
16,361
427,556
755,854
1909,745
63,255
9,992
165,185
30,359
2909,986
3306,454
3219,569
3046,540
3619,125
3238,351
3561,247
4591,892
245,743
133,567
35,374
10,487
14,789
11,417
5080,737
4896,542
6940,949
4584,201
5142,169
85,490
32,561
7,20
24,450
20,159
6514,960
6689,295
6404,191
6719,248
6773,106
749,873
1098,247
7410,361
1707,261
42,770
32,328
116,35
16,457
333,441
360,440
332,352
3473,840
3525,864
4048,917
75,223
29,370
274,68
16,206
29,323
14,538
244,302
6619,934
6736,939
6771,632
107,286
331,261
37,643
36,288
12,425
173,434
13,522
374,465
41,543
11775,903
4974,276
5021,240
5021,505
5785,940
6175,916
6305,418
6521,937
5835,527
31,122
9,21
45,67
16792,527
4555,689
4532,414
4603,806
4679,310
4755,246
5519,923
184,821
14,186
36,14
11252,898
10533,221
11005,266
4609,481
12718,784
12019,597
13359,621
13409,754
13881,614
7825,108
8082,404
7999,762
9702,916
9634,424
9740,675
9792,482
7997,109
9684,960
8480,516
29,98
7700,204
7673,724
7552,937
8836,214
8664,202
9001,820
8788,341
9251,401
9141,313
21,7
30,719
262,58
501,10
63,814
4990,385
5253,782
5360,938
4854,884
4849,941
153,393
25,571
276,148
284,387
8598,456
8612,942
9338,959
9344,702
9602,830
11,463
39,48
277,28
23729,809
11242,934
9622,868
11311,579
12032,943
11227,630
11426,278
22,46
23,81
9196,618
9296,692
9242,488
10166,860
10036,907
10356,999
10839,579
28,64
10590,658
10278,401
10430,367
9825,281
23,644
9,519
16,82
289,173
10,70
16,438
80,982
12,676
12,109
316,937
544,708
108,641
606,16
231,976
332,945
75,138
1924,686
849,990
1042,989
1144,628
74,483
14,398
551,842
870,648
762,504
1149,648
1214,727
295,577
9,495
11731,925
589,580
935,729
1771,888
1127,165
11703,333
244,434
20,448
708,163
439,191
41,325
11983,940
2533,430
1778,572
800,217
22793,997
1202,917
625,192
1319,603
551,355
362,812
1675,857
189,940
26,572
11,237
36,492
2054,969
2192,553
2032,723
2395,524
2850,932
2984,180
3073,132
3429,871
123,62
665,610
15788,472
777,92
1265,145
1640,494
17824,975
1748,430
1636,951
1899,55
160,398
18,967
11,275
1463,797
1977,602
2341,284
2454,873
1807,243
1869,321
18,31
1098,382
12261,959
45,575
19,10
1001,409
2203,660
2143,889
12690,284
12564,595
2502,638
2686,267
3330,954
3524,329
4740,638
28,71
7,90
17962,888
17987,454
17883,827
3355,167
3395,404
3912,869
4230,764
4818,951
40,81
2868,237
3007,193
2718,939
2807,306
3032,140
4178,785
3503,277
4861,651
27,223
16938,776
3580,621
3797,670
4466,536
4800,723
30,93
19856,868
19876,729
6121,122
21277,656
28,88
36139,960
21399,400
4194,376
21795,872
21856,457
5175,241
5114,416
22626,784
94,249
203,183
16,99
6444,926
6916,979
6911,487
7014,623
7296,627
18481,952
19777,817
6706,506
6717,319
6937,113
6860,326
8087,726
7121,72
8212,504
9477,261
9568,526
148,567
8,674
68,33
855,272
908,54
877,795
1140,475
1272,587
1416,934
172,445
77,266
22,373
14,585
81,743
1101,976
1266,304
1845,808
1713,552
116,608
65,476
146,748
217,169
546,78
480,744
270,870
1096,948
306,479
455,553
1148,556
1653,740
29,318
18,642
55,976
13,558
11,600
719,502
743,223
16,87
45,81
74,471
53,633
86,489
800,271
27,139
11,378
15,565
696,374
1225,961
1588,542
1932,421
39,174
10,390
18,234
53,499
14,131
215,62
13,697
818,883
703,364
818,108
109,851
11,60
28,769
70,51
502,437
536,255
648,505
817,551
592,259
624,330
116,297
73,898
80,666
451,763
585,30
538,158
805,261
1126,884
13,406
315,215
18,495
11,74
103,528
187,457
324,204
732,737
744,309
1067,556
956,92
1990,899
102,605
50,75
66,203
13,882
303,26
498,96
672,269
474,692
696,416
1335,843
43,798
38,533
12,506
13,956
523,788
1534,364
1178,544
564,737
643,171
402,55
27,552
125,598
351,614
392,12
202,546
499,243
260,18
41,886
16,133
14,290
65,122
62,740
43,644
947,658
442,90
428,72
1202,738
933,526
75,421
204,801
34,282
398,42
804,127
877,836
1481,961
13,391
975,386
17,432
178,161
221,725
83,650
1455,522
1013,200
1791,261
2525,728
2550,692
2584,206
2685,758
1889,487
14,682
59,71
30,843
59,280
31,367
745,463
668,672
585,463
883,409
48,307
62,774
79,963
690,793
910,371
1109,933
1509,542
11,655
1306,276
11,125
731,561
344,184
346,429
15,308
30,151
445,909
287,800
228,679
266,378
160,887
12,72
28,195
9,342
16,489
550,422
648,199
601,201
51,448
59,177
611,178
628,642
30,482
349,276
17,632
11,214
1236,477
1535,920
2194,875
160,349
68,472
1348,64
101,837
18,549
26,528
769,33
1011,838
984,143
1358,849
1537,913
190,637
27,919
14,875
22,102
19,648
11,101
12,222
21,192
12,825
754,677
877,332
12,394
8,378
62,128
23,162
392,736
30,365
874,687
1082,966
13,143
697,786
1696,981
1629,977
100,484
8,40
4435,295
4272,249
4553,665
4414,299
5162,987
5127,747
5917,888
5933,831
16,67
47,153
7766,535
7766,336
8342,949
8581,716
8892,964
7812,414
28,179
17,75
13,201
12038,644
2468,551
2984,575
2941,228
11906,945
18241,843
19213,963
21,45
24,106
13,362
313,376
7101,848
516,266
767,221
7622,887
7758,736
7887,936
8333,712
8375,968
2202,111
17598,726
2157,670
2256,481
2350,927
2366,456
2459,469
3368,688
3166,554
3039,623
27,823
14,261
13,764
26,234
534,771
22,550
598,194
1322,652
606,977
1982,973
74,749
33,56
329,120
80,462
194,218
671,39
832,711
917,414
890,426
1081,709
6,485
18,543
11,432
336,666
362,844
699,296
790,693
1010,521
1363,491
30,626
31,82
24,250
47,475
18,618
12,894
1068,638
1097,350
1021,337
1028,159
16,211
28,242
29,314
15,604
9,460
11,150
20,143
516,960
1189,807
203,682
720,34
205,884
379,543
795,249
707,34
978,845
1339,477
1363,580
1796,829
2005,910
72,64
208,964
57,684
552,167
811,909
858,742
1006,481
1179,449
1324,843
453,564
141,430
16,616
292,352
296,338
946,997
9,110
453,554
1464,957
14,237
434,783
48,203
11493,994
3671,575
3871,485
4759,634
4750,254
4676,927
3826,675
11910,581
11955,752
79,362
27,221
16,896
107,848
9,647
1106,935
1193,605
4073,985
4315,530
3067,906
140,519
150,534
18,673
64,478
94,386
50,302
43,352
88,372
185,969
1307,145
19,928
109,46
22,350
27,189
521,364
600,91
626,734
845,952
870,481
371,169
104,884
28,462
429,656
70,304
368,96
416,186
523,312
505,400
1009,992
1306,628
9,469
19,925
159,436
854,427
1174,432
1110,183
1684,335
1743,866
1904,320
800,573
199,223
271,967
269,694
414,786
1373,907
452,239
260,403
175,274
1350,619
909,516
10,909
33,781
13,550
1554,317
1403,856
2163,909
291,974
402,169
1276,522
2325,889
19,150
29,181
86,170
842,454
502,674
570,791
1479,521
1944,991
16,209
54,869
131,787
288,977
12,243
61,588
12,66
91,441
870,35
10,420
1535,897
1014,586
181,637
432,637
185,529
1831,558
1902,578
2439,697
3095,948
2933,955
3625,697
35,20
61,286
12392,724
3151,822
3013,282
3508,901
3617,648
3415,291
4057,697
36,213
136,30
24,168
11910,680
1426,343
2089,921
1920,723
2239,510
2219,382
2355,939
9,322
69,392
125,536
673,501
795,681
692,992
1367,435
1533,353
18,612
107,507
223,722
420,449
501,116
280,427
14,799
24,549
22,254
16,811
13,43
547,504
83,570
210,344
550,291
404,381
483,728
59,838
48,541
240,8
66,541
68,228
31,411
10,580
11,245
19,291
25,517
595,512
684,75
623,207
869,893
799,217
30,339
164,849
32,128
532,101
1263,987
51,550
617,364
459,687
407,686
1125,593
31,289
36,845
24,396
924,112
1062,25
56,679
323,910
40,460
109,897
4192,966
27,667
13,748
18,256
67,361
402,410
471,85
407,134
714,940
386,103
4579,932
29,411
71,348
431,850
19,678
15,294
58,47
9,130
844,144
925,884
845,481
28,730
183,578
18,243
9,896
18,562
1326,898
1430,338
1669,774
1685,953
1388,318
63,731
10,708
125,790
613,507
550,273
751,159
632,199
23,121
748,101
6676,963
12,948
97,286
10,285
735,326
514,269
1090,982
1563,956
59,238
1451,257
6665,600
50,838
147,878
301,159
882,928
659,240
1334,336
1644,829
638,31
134,799
245,155
6693,961
1378,146
603,238
1673,748
722,471
1341,601
7341,707
28,121
27,264
12,51
1870,390
1706,108
2105,480
2699,472
2327,372
11323,682
4193,881
23,763
18,688
3389,948
3506,258
3572,737
3864,946
3870,238
3924,404
4614,511
4564,384
22,477
4563,386
4769,593
4730,858
5178,201
6098,568
6034,240
5436,96
4970,235
6017,351
20,261
21,55
9,510
5809,631
5825,164
5815,189
5894,521
6777,168
6724,299
6648,455
9,840
62,337
107,392
13,182
9,31
23,101
57,526
9131,837
9378,557
9055,514
1351,287
10168,778
2329,418
30,112
22,7
512,38
1082,443
19241,960
26,777
648,528
2266,695
769,427
9860,799
452,456
70,5
1025,874
884,53
731,668
514,188
15,264
71,603
457,441
9,479
73,583
260,514
436,329
14,265
713,684
907,598
817,877
143,843
14,370
56,333
11,441
7,227
637,59
806,932
772,118
763,127
22,115
572,580
82,49
23,547
16,453
36,389
345,107
591,64
681,324
1259,816
1104,536
26,971
172,397
15,233
136,384
81,699
516,767
731,755
1378,821
1117,212
1223,73
23,400
21,937
57,220
18,66
139,880
17,513
55,223
20,579
9,0
141,190
164,991
40,589
21,129
100,261
349,295
340,350
385,322
434,426
1187,302
1079,812
32,933
52,158
11,323
21,667
379,615
11,18
10,902
1380,830
114,604
1327,554
948,586
1248,645
389,576
13,542
475,58
594,791
670,426
864,701
1179,859
14,329
11,355
491,255
10,532
660,372
777,693
5495,720
5810,804
18,322
331,775
198,230
396,86
312,801
459,303
27,295
777,546
507,989
140,525
55,707
54,37
18,284
284,535
351,28
498,586
380,502
457,911
42,36
2623,798
13,567
89,79
32,200
320,207
381,296
359,920
569,566
182,332
228,657
2464,237
33,959
300,370
39,502
347,978
307,573
60,553
1601,783
2329,446
2978,973
2340,872
20,557
18,181
18,794
219,958
29,133
2274,872
2240,991
2578,573
3317,959
3281,449
30,210
100,804
10,11
246,193
354,79
422,39
301,177
22,399
335,836
553,222
118,609
87,145
394,226
496,515
536,4
79,558
1467,619
578,901
992,733
937,589
68,353
186,362
15,969
42,429
1163,495
70,979
109,399
249,880
60,333
353,728
31,355
1182,720
668,577
770,503
1707,553
14,617
12,217
14,620
44,401
768,188
70,156
208,254
570,293
514,296
369,191
90,845
15,804
41,868
384,500
89,987
89,55
383,626
340,167
305,576
550,838
139,925
297,909
16,648
59,448
578,152
12,611
52,319
382,410
450,713
757,830
34,554
11,279
9,91
9,208
88,148
13,650
123,276
27,373
112,454
52,233
88,365
52,12
233,977
308,824
585,244
425,522
1174,578
1074,834
1443,757
1403,718
120,51
168,70
21,411
293,592
220,268
455,292
504,791
530,492
896,990
1380,891
249,290
192,31
352,478
14,666
402,271
312,4
703,187
1409,848
1556,961
1876,637
32,488
60,892
12,325
637,583
1022,256
1348,850
1289,833
18,469
14,641
592,872
49,306
34,560
249,364
156,104
742,807
146,154
66,600
33,44
11,378
83,594
29,144
31,348
11,517
488,857
131,785
553,71
1075,609
1188,818
417,705
6474,887
201,179
47,509
184,168
11,602
14,878
523,348
535,521
739,656
57,180
715,169
27,39
78,235
48,567
14,596
34,147
13,231
15,7
15,120
863,576
758,854
18,375
21,0
40,312
36,832
28,922
589,289
9,530
506,191
627,231
616,664
127,438
464,80
647,773
628,329
319,315
305,754
624,98
982,696
985,653
1055,494
27,288
155,581
16,216
174,30
1157,527
1258,620
1460,753
960,374
1960,763
2298,845
45,885
125,201
13,69
1202,711
1479,172
1555,137
1715,718
1681,111
2449,309
2453,274
110,125
13,116
224,218
146,401
28393,964
28387,764
29440,956
29675,242
30026,926
29951,645
137,997
11,212
4263,483
4599,958
4678,839
5003,355
5009,411
5092,625
19,65
13370,729
5396,638
5497,366
5771,280
6498,931
6473,598
13244,391
4747,249
257,128
135,104
22,456
16891,910
5426,539
5422,308
5370,585
5407,328
6070,988
313,90
162,301
237,252
290,112
6179,459
6318,825
15804,963
6601,880
6307,394
6362,538
8,586
31,402
171,209
311,521
6158,977
6257,866
6317,197
6336,183
7461,891
7357,390
157,27
137,255
5481,442
5551,735
5782,765
6221,486
6261,532
6412,131
6689,778
6297,563
91,685
9,959
6632,180
6679,301
6723,691
6508,733
6383,111
6970,572
6802,950
5719,934
211,769
196,504
61,87
5158,728
5261,970
5519,361
6272,619
6337,802
6295,880
6365,791
38,318
6395,244
6520,398
6295,164
6346,382
6821,646
6941,803
7110,801
7145,821
7342,983
32,891
224,469
104,73
375,25
12,258
6419,560
6493,596
6432,768
7042,517
7792,926
173,591
27,566
21,518
5509,581
5627,443
5867,544
6231,654
6126,882
5885,910
5829,596
179,304
6282,963
6364,247
6303,59
6727,579
7006,482
7231,636
7287,378
6580,596
15196,457
5637,724
5737,983
6168,407
6074,282
6433,680
6557,417
6808,604
15441,943
15440,963
116,490
41,997
71,291
150,37
19,649
14,852
7928,876
8427,630
1321,397
9049,503
9660,626
13,765
38,86
9,507
18334,978
946,707
18945,825
765,77
813,496
84,215
24466,777
3682,485
3763,409
3777,318
4009,498
4514,205
4624,219
16952,814
6016,596
59,114
7864,888
7853,487
7897,332
8487,537
9128,822
8986,425
9147,499
8635,957
21351,967
12226,204
12187,801
12411,560
14761,967
15161,248
29,316
3565,355
3519,318
29508,889
29439,671
29843,788
30011,863
3343,238
6351,598
44,84
251,78
112,152
17922,466
6741,838
6835,563
6924,62
7210,671
7092,521
8558,416
219,755
315,868
152,603
10628,975
10945,147
11008,746
11626,411
11615,366
12077,881
5026,171
5320,262
134,173
26038,957
9274,502
9327,454
9320,710
9574,342
10614,748
18604,789
36,1
76,65
21837,970
7525,292
22903,934
8628,551
7316,682
70,2
53,145
20732,775
20612,743
10808,40
21340,966
11539,426
4261,123
4412,269
12668,547
12737,771
130,23
75,48
24623,873
4509,539
4964,865
5108,766
5497,619
5388,920
52,97
29,160
111,367
18313,788
18402,858
8245,649
10478,992
12166,452
13289,152
14660,775
9755,630
9825,72
10633,948
10767,534
11068,190
9737,868
11608,543
11938,344
20805,679
20764,854
2022,685
1982,863
2914,474
3042,413
4778,860
4900,446
50,0
326,19
179,124
16393,924
16685,659
3341,373
4224,186
4185,422
4135,960
4607,735
27,232
70,397
75,5
13,803
9506,314
9366,480
9656,111
9764,718
36,258
10267,409
10111,730
24,99
83,156
213,30
4451,978
3449,119
10625,404
10606,759
3532,193
5519,967
5384,978
15,251
379,64
13,612
436,88
135,333
8882,734
7704,566
8595,611
7506,997
9741,846
161,87
137,921
77,21
7162,512
7227,467
8952,446
9918,870
9915,765
11056,438
10653,434
11,161
82,735
20,223
19,290
537,101
889,446
10856,987
10788,843
12159,770
10581,353
3483,267
3917,888
4264,904
4006,281
9263,211
23,168
15311,815
2415,347
2458,267
3152,460
5423,877
4506,828
6122,503
6111,753
7158,844
15,77
451,53
623,252
368,681
10509,684
10843,625
11094,460
11317,114
11912,487
17545,637
171,186
357,357
9234,470
9668,560
9556,574
9744,862
8993,733
10649,599
11106,921
9244,368
6342,815
6532,209
6461,528
6422,812
6731,891
6689,148
6860,284
7664,666
7656,710
301,629
213,571
342,743
17163,521
534,999
11,354
17,24
89,56
1933,902
5023,767
13245,917
5051,89
5130,7
5694,397
6311,351
6341,657
6424,240
10,303
72,139
5330,187
22151,710
22235,984
5324,193
5409,791
6038,905
6236,437
6395,831
88,45
418,78
297,310
16,888
121,374
10639,515
10555,109
10777,353
1569,157
11376,201
2889,796
2870,670
12925,473
7919,891
12812,786
56,169
29,174
89,129
8614,306
27810,803
27846,822
27981,701
27726,989
29078,710
12309,167
12471,590
12514,778
28587,527
12646,630
20,141
26,126
12,147
7602,473
7632,166
2422,588
8323,392
2818,498
3110,822
9853,524
10116,540
10169,623
10285,429
18,270
13,152
25,43
10,471
11,160
8273,150
8401,799
9605,949
3081,352
3305,870
3327,823
3430,488
8514,463
8517,339
133,369
21,668
27,36
9,64
9977,852
275,739
389,938
141,588
15,21
34,292
27,846
10,872
64,831
77,217
595,808
840,621
988,798
824,881
51,139
899,200
19,983
16,360
9,33
16,312
12,258
9,86
132,89
255,739
241,689
15,515
28,113
44,205
45,989
96,263
822,970
1264,388
1103,937
1761,829
1672,722
1523,388
38,260
46,514
241,474
16,84
620,823
693,36
769,632
818,181
888,551
37,309
319,499
234,290
200,514
1036,900
16,33
11,106
605,15
15,454
45,425
22,625
14,918
41,768
128,684
1647,900
1983,602
2237,549
2156,699
2139,180
1892,328
1487,155
32,426
31,279
1215,468
1502,134
1442,361
1432,367
1566,344
1501,288
1903,288
104,8
30,629
11,328
63,523
442,185
1280,731
1375,435
1451,597
13,474
75,783
66,225
40,491
11,115
33,468
18,19
900,316
900,274
1145,984
1323,908
1603,941
1416,817
68,448
13,70
9,426
24,347
1773,923
1802,619
1732,845
2336,944
2766,715
2545,529
25,506
37,608
13,25
25,206
2534,172
2497,215
2514,955
3279,963
3126,478
3629,929
163,958
244,916
481,531
141,298
4267,483
4241,919
4734,187
4738,996
4793,248
4981,968
22,176
22,158
9,109
21,142
3137,687
3153,579
3321,218
3133,457
3476,512
3818,790
36,507
52,807
268,531
220,638
3764,579
3906,186
3847,112
3994,638
4159,791
4219,616
42,679
246,502
18,132
219,679
376,870
235,426
541,158
27,136
3741,829
4047,626
130,189
32,557
31,291
18,48
477,300
19,263
436,777
13,882
15,583
186,81
26,448
7,837
14,162
9,138
163,439
232,798
220,392
5700,825
6027,975
7023,262
109,658
56,75
251,329
309,113
5888,729
6605,660
6372,997
7020,654
5126,430
7076,460
25,854
363,389
29,85
4989,512
4229,975
4741,261
4413,706
5565,822
5140,906
5609,367
17,49
174,17
6,837
5705,282
5673,74
5664,599
5689,847
6206,734
6290,889
7007,780
21,483
9,29
69,157
46,82
5938,641
5953,409
5849,379
6627,718
6336,992
6847,484
17,6
12,572
54,66
6774,376
7112,200
7060,56
7198,239
7000,330
7785,717
8855,840
75,147
34,95
25,7
28,0
29,214
8347,668
8298,528
8606,573
8612,620
9071,426
9860,940
9722,987
3585,688
831,100
914,942
870,232
1130,674
1216,521
1745,908
1710,881
2137,662
2170,577
2370,436
229,869
47,595
675,172
58,409
730,785
726,161
1251,577
1291,107
1260,108
1315,116
170,85
40,858
105,492
22,107
16,349
1087,834
1741,388
1324,269
2249,561
2251,913
30,482
818,532
997,710
555,300
167,671
13,345
77,197
15,205
631,934
13,580
157,681
293,904
53,657
459,216
20,297
143,156
91,483
28,914
180,359
3584,488
77,223
328,419
11,55
651,676
53,899
11,22
618,173
616,588
334,843
3561,956
105,144
10,738
32,407
336,709
304,750
16,144
18,172
13,393
623,226
2563,671
107,830
12,319
48,657
240,154
391,814
746,480
617,593
971,760
857,99
4929,289
22,148
39,968
356,121
9,40
666,941
511,342
1866,849
1385,704
739,94
11,705
107,712
105,480
216,397
613,170
272,179
14,898
648,569
906,774
46,118
1074,604
22,886
42,666
6,428
16,504
11,887
636,956
628,444
425,684
481,12
374,32
6,330
30,178
43,996
595,800
723,637
635,12
630,784
34,223
1316,859
8697,736
213,847
58,112
30,984
198,664
564,280
1230,242
710,222
1116,332
118,921
11,59
494,275
10455,466
9074,716
1110,515
1297,861
1077,79
1209,92
1554,411
28,222
11,101
703,778
867,566
898,944
1395,453
1781,602
1762,983
1293,918
1257,416
43,79
16,268
71,20
954,680
933,797
907,494
1193,747
1332,591
1570,935
183,89
28,895
18,79
938,673
1072,436
1093,725
978,245
2102,634
1698,603
2090,670
1855,790
181,637
680,201
61,49
616,902
948,687
976,218
1650,458
169,848
604,578
18,19
485,904
416,260
477,850
891,396
521,202
904,373
1773,446
1659,885
1830,579
1628,503
129,343
157,186
1316,876
1405,625
1538,401
1813,671
1877,769
1826,285
2394,489
2276,543
52,923
211,572
59,705
519,634
492,103
706,538
758,391
860,165
1376,805
1217,797
26,829
25,402
671,593
699,570
927,456
1211,302
1016,389
1587,992
2034,664
398,623
11289,835
98,878
1145,811
1353,929
2265,461
9,39
9,6
11268,736
10,724
11881,824
1337,839
64,11
93,263
10253,986
12477,645
10549,377
3376,784
3981,912
4447,142
4796,950
7304,902
8577,627
141,116
25,390
23,995
15605,852
22,831
16438,628
664,502
1844,664
1631,211
9147,834
454,418
9,939
73,171
564,635
558,744
1142,609
301,888
37,514
139,29
51,556
38,49
752,441
820,553
758,846
803,598
775,141
832,145
1793,456
1872,566
27,292
141,101
30,87
7,639
265,375
335,511
1557,230
1571,565
2109,791
2073,850
344,881
41,495
58,283
59,760
2159,999
2318,326
1986,715
2302,209
2663,447
3052,732
37,424
127,188
260,932
230,157
20,76
731,112
1411,319
1502,191
1010,373
1617,235
151,15
335,137
368,406
54,722
420,418
779,995
770,803
1074,707
16,434
1125,814
76,999
12,246
337,750
11,364
767,620
970,803
17,179
356,499
13,565
2282,818
18,115
17,318
106,361
56,491
205,78
371,959
334,549
458,208
208,45
560,964
231,270
27,196
18,818
91,49
160,80
595,175
606,429
676,812
1051,707
48,817
28,633
37,470
443,473
473,381
297,136
730,620
416,438
1339,754
135,153
922,985
29,684
31,885
10,386
13,780
24,273
14,791
13,883
303,709
5143,868
5095,773
16,855
101,502
406,804
373,399
720,561
165,234
8315,845
7788,715
7635,49
8797,731
68,832
25,16
6701,364
6568,551
6858,642
6779,321
7266,922
7158,409
7874,861
8028,408
16,451
7047,450
7172,565
7213,456
8103,978
8035,469
8773,865
9355,783
130,218
130,68
57,27
19464,935
19607,849
9846,172
9112,38
10964,553
10045,965
11033,173
11091,739
1180,533
1867,622
11763,947
2263,344
2614,858
3198,486
11115,359
29,64
59,366
14788,867
3979,225
3804,270
3787,732
4217,419
5021,198
5548,715
5739,926
234,498
77,412
87,580
2838,899
3263,414
3299,539
3343,527
2791,423
2760,590
73,85
56,223
12946,970
2907,420
3030,698
3528,637
2975,731
3803,639
3894,760
2495,304
48,92
3042,450
3018,659
3986,590
4713,910
4846,947
5190,654
4993,854
77,13
148,599
235,15
16188,699
5716,739
5761,232
5830,863
15957,774
5958,791
5000,206
123,284
14,120
47,96
5185,642
5380,433
5814,552
5842,902
5594,395
6599,889
6504,256
6346,867
16,232
7805,911
7844,777
8000,680
7950,363
8732,425
8396,106
8474,961
16,5
41,38
167,486
507,54
17367,859
17835,858
8419,720
8605,583
38,557
13,436
16844,858
12,584
49,406
17537,638
17606,931
17811,818
1338,986
22,14
20,284
909,672
907,803
10531,953
1481,685
1023,877
910,129
110,127
11804,794
12180,423
1391,120
2140,320
2114,879
2054,406
2545,400
2721,657
3417,908
28,179
167,11
178,113
216,4
185,57
1213,461
1350,322
1794,677
1696,398
2352,988
16,574
6,8
65,572
195,6
128,441
23,161
1346,758
1797,493
1732,638
1278,215
28,908
65,70
13,387
106,319
13,194
27,544
11,249
1258,641
1212,648
50,243
105,384
143,980
424,595
145,334
198,58
701,412
21,951
812,86
411,904
522,686
25,739
302,177
609,325
809,33
633,52
876,581
54,468
711,60
767,503
1109,512
17,591
193,74
86,957
27,339
354,725
322,398
203,227
1621,773
2344,905
1934,841
10,871
220,860
1425,621
1886,511
2728,737
2629,653
2839,338
1932,391
2828,361
2309,714
27,127
20,21
681,815
610,645
710,948
916,573
690,209
1294,887
1827,840
1775,671
22,321
16,390
26,98
262,699
256,59
820,303
327,76
933,185
1811,969
883,518
16,326
9,145
9,202
118,549
644,542
587,441
2516,844
2590,740
2993,431
2945,164
41,966
30,676
10,295
11,837
313,872
26,284
607,399
1331,579
442,543
1302,654
53,92
1266,300
1238,998
1530,798
1508,635
2303,141
2128,851
2267,313
27,52
23,104
10598,591
10680,578
865,488
1017,468
1102,912
1460,480
1615,413
1728,868
6,310
28,332
11,820
90,117
1025,681
1111,268
1576,30
1368,176
1830,761
1757,895
27,625
17,510
125,167
157,950
2127,437
2529,712
2585,681
3072,273
2519,253
1474,439
80,378
12,340
47,455
739,614
477,198
738,326
674,917
1104,494
13,575
12,69
45,37
13,18
1645,964
1305,118
1412,738
1563,913
2034,510
1355,396
22,456
898,765
608,170
1255,565
1147,649
1194,910
10486,942
24,227
976,579
972,58
20743,738
1287,123
1314,214
1563,913
12130,995
1871,935
10823,827
59,917
154,273
1201,527
1302,727
1460,536
1590,786
2268,615
1478,526
16,561
11150,908
11391,883
9,432
918,264
805,690
1726,893
116,521
93,60
1138,626
1220,811
9624,592
1497,324
1729,408
2027,508
118,131
18721,869
10544,827
809,282
890,276
11057,431
1455,646
1596,237
2120,638
2187,672
54,45
89,50
956,397
941,182
1412,256
1047,727
1439,907
2059,591
1976,628
959,122
29,177
119,291
94,12
2463,400
2395,245
2689,214
2650,489
2644,421
2579,178
3239,800
27,699
33,486
18,818
297,295
349,411
28,88
4389,716
4373,660
4462,267
4491,582
11,20
32,908
218,134
405,962
21,467
454,861
840,427
996,610
1101,203
1142,402
63,891
58,120
152,781
9,114
11,944
169,680
772,500
897,668
1129,398
1115,132
45,247
50,559
13,819
72,116
13,309
580,560
570,835
633,252
1046,631
4046,935
163,452
13,597
361,304
12,444
412,692
537,503
928,64
1326,942
4594,991
4793,790
65,177
31,253
366,22
16,757
221,53
118,249
3872,180
3889,938
3713,644
4280,835
105,842
189,378
264,478
259,510
248,22
13,48
290,412
5757,403
5222,240
5672,803
28,593
148,218
8,415
25,359
29,935
171,615
396,671
5166,769
4687,294
4729,481
48,911
28,522
330,260
16,901
592,70
635,532
1092,662
76,225
4229,587
6075,999
25,78
106,713
16,935
21,842
4693,900
4846,381
4934,334
4991,897
5359,876
5247,697
33,448
30,776
12,535
323,481
230,572
20,140
5586,892
5433,162
5901,767
5786,619
91,83
18,635
37,557
25,385
13,55
6682,666
6717,590
6841,644
6534,846
7008,992
28,261
8,347
44,92
18,213
11,972
12,37
370,16
7066,555
47,487
16178,750
6011,402
16210,667
6074,111
6457,998
6517,144
7162,182
7107,129
7082,969
6323,925
6361,567
6763,528
6848,871
6793,444
7285,393
7333,986
15443,305
15452,859
15744,754
1083,610
1226,313
1746,919
1751,265
1732,406
1995,973
2001,590
25,173
45,25
11,35
1946,801
1808,833
1919,555
2083,170
2020,888
2161,769
2277,586
334,47
16,514
1148,655
1107,675
1551,620
2056,654
2005,945
1948,794
9794,433
12,354
16,761
19,240
9,283
13,830
9150,514
105,364
1009,851
42,718
16,221
526,603
10,159
824,611
662,73
10328,937
695,378
811,936
236,768
60,0
35,45
714,782
556,224
702,132
731,131
892,602
1857,976
2216,864
1895,937
139,577
15,34
91,49
579,91
2057,452
1884,538
2037,350
2841,778
2822,900
3084,684
111,395
226,116
221,120
790,266
468,296
722,760
1213,809
1297,409
2199,990
1954,663
36,6
59,710
79,678
651,442
670,558
1452,56
1387,230
1425,95
1423,916
85,341
25,721
18,63
21,221
12,69
580,820
565,640
774,24
459,436
64,822
13,601
143,721
40,22
190,46
1535,341
1229,128
1527,302
1710,737
1938,599
2274,994
2389,803
43,868
51,11
41,93
1602,381
2670,743
1778,684
1866,866
1681,294
1719,361
3139,709
85,610
6,61
68,78
315,904
66,98
283,521
1806,794
1904,989
1738,830
2104,756
74,582
125,820
258,380
202,526
16,169
484,822
329,700
593,13
2653,973
2294,901
62,849
114,926
313,232
337,726
11,43
2875,990
790,820
1593,770
1005,613
1627,712
18,888
273,996
478,493
873,946
1785,881
74,449
96,385
118,533
116,50
8911,752
1677,171
2375,395
9572,740
2447,701
3172,77
3374,445
4348,512
3848,584
9,25
126,30
2862,301
2812,193
2902,628
2715,927
3247,520
3387,743
3679,586
3876,995
29,920
2985,881
3053,457
3455,524
3599,223
3570,390
4222,870
25,283
2908,186
2897,338
12937,854
13087,560
3613,242
3985,682
3928,456
4041,704
12262,607
27,11
21,278
20,125
13,225
3796,980
3830,564
3943,749
4011,294
3977,268
4205,848
38,246
76,373
214,147
14,874
96,115
5620,398
5889,416
6029,864
6491,992
5904,584
18,523
24,522
10,144
67,408
6075,453
6458,745
6365,638
7316,897
7256,764
7423,935
17,337
14,143
6030,225
6054,441
6098,263
6041,965
6143,466
6135,95
6782,270
6774,922
26,699
166,879
139,6
20,415
96,254
7567,994
7610,893
8038,787
8100,820
8203,218
102,102
176,8
14,33
12,146
7505,908
8214,928
8607,866
8846,697
9111,719
8128,521
132,842
234,2
175,44
261,204
8319,404
8032,347
8223,784
8275,252
8399,831
8480,811
15,111
58,900
161,3
60,68
100,99
8592,368
8556,608
8341,345
8560,413
1181,353
1129,313
9652,913
9890,895
651,428
49,267
358,205
485,961
802,973
881,575
1618,446
1996,533
276,370
10,159
10827,646
952,670
11593,843
11878,914
518,787
1349,898
392,522
64,9
10530,365
1298,795
1000,170
1949,965
1904,610
2578,988
1422,175
1659,351
30,696
19,34
660,187
262,54
797,633
12011,735
1936,452
2591,984
2658,631
24,264
670,976
11430,796
799,340
655,222
1094,278
1167,505
1299,313
1354,88
1707,867
10,115
18,649
516,134
143,985
961,968
78,845
1189,792
878,545
2413,577
2464,402
34,529
93,552
6,129
218,58
255,214
1297,966
1688,511
1722,613
2097,895
2228,670
19,344
26,807
41,128
15,23
807,251
763,463
925,193
1136,124
1149,867
1137,115
26,803
267,583
28,11
52,724
19,529
670,903
678,235
1102,827
677,94
1145,654
33,148
23,155
8,558
11,380
9,229
174,751
13,129
1250,459
1375,955
60,267
59,850
50,596
16,121
8,782
432,159
1396,801
1794,444
1544,261
1569,639
1558,709
25,61
76,158
22,696
582,973
607,305
638,872
1173,73
1173,228
2034,969
2398,833
294,547
180,565
119,509
545,771
62,850
221,646
23,835
153,95
78,412
95,311
29,188
9983,971
2699,252
4040,439
3886,332
3928,436
2791,492
2307,798
2590,122
11,916
15,606
15,69
336,556
981,871
159,162
137,74
130,130
1527,816
13,170
32,660
419,572
473,983
148,320
613,855
99,7
24,82
70,684
475,478
885,225
28,423
13,139
8315,409
8427,350
8390,588
8465,341
8444,123
8427,261
9001,991
1794,385
9783,894
2272,698
6,923
40,44
176,750
10045,528
2963,813
1465,539
9831,292
3295,922
11817,618
9911,381
12632,842
9889,860
10021,583
82,219
138,503
20,34
9,877
8155,414
8733,977
8893,60
9387,963
9858,633
20,101
132,613
97,466
25915,633
8139,479
26362,749
8685,191
8543,608
12306,967
13652,279
16246,702
16921,829
9211,176
22,63
96,270
10126,672
10132,719
10110,403
10902,874
10328,440
10343,779
11224,948
21297,424
21394,964
29128,411
10857,115
11112,792
11199,85
11148,391
11233,340
11421,860
11247,135
235,13
158,950
30,115
257,0
1815,443
1806,372
1880,320
2178,595
2242,282
1906,529
108,153
95,704
139,642
89,66
32,173
10,294
16,104
2632,692
3147,784
2801,801
25,343
31,852
185,255
21,348
356,205
372,994
4410,496
4706,390
4646,712
4988,994
264,333
191,795
249,118
157,443
31,792
4801,469
4935,762
4755,340
4902,763
5283,800
76,719
44,566
16,230
12,661
5337,533
5063,595
4849,803
5329,773
4957,136
5392,666
110,675
47,120
11,100
8690,330
9092,726
8770,587
8977,42
9430,776
66,59
29,436
24017,709
23872,854
11588,734
12062,970
12002,763
12308,319
5058,416
5014,323
11535,755
11459,629
26,9
5999,156
5998,369
6248,938
6149,81
6212,140
6854,346
6966,395
6957,432
7447,911
23,95
54,51
86,50
9149,761
9282,390
9277,891
9388,271
1993,63
10369,704
10473,826
10496,845
3100,284
139,31
215,57
23,622
16823,924
5042,221
5430,457
5692,867
5940,584
6362,646
6479,633
30,544
217,879
8361,554
8385,365
8409,773
8834,367
8959,535
9304,418
9388,754
9488,486
8911,528
38,128
5282,124
5385,489
5299,634
5483,142
5650,478
6151,836
6381,915
18816,666
19136,677
9780,802
10391,522
10413,492
10548,432
10610,299
10784,337
207,6
54,168
589,21
24414,880
6021,345
5981,418
25009,936
6738,928
7099,992
7161,650
20,143
112,177
31,0
10482,623
10435,726
10500,598
10654,114
10809,750
10974,584
10863,274
11162,353
2479,749
26,495
7,16
11,15
38,109
5988,500
6630,918
6527,831
6025,559
6393,344
6420,992
97,216
10,122
9019,400
9015,858
9545,863
10163,796
10055,580
8858,307
112,26
23230,960
15993,656
4999,332
5016,347
16716,471
5603,610
24696,987
27,672
5599,188
16079,901
16009,903
5684,882
5567,424
5651,177
6119,308
6271,648
6271,800
51,101
173,334
193,569
234,30
43,125
33,649
16270,206
16361,266
16454,109
16498,62
8196,245
8205,589
9184,655
9252,935
9354,657
9455,762
22,161
38,448
12202,776
12420,644
12523,859
4025,225
12571,654
13109,611
13868,920
53,84
98,238
10299,362
10521,365
3115,347
3218,213
11567,856
24982,572
25,136
52664,944
30294,991
52250,895
30837,647
12178,378
12642,344
12666,468
126,54
230,188
243,22
26,21
31505,697
31577,494
9945,191
2365,183
24291,962
10720,914
10761,901
29011,968
21373,671
11049,194
11471,777
11517,103
11646,259
11646,599
11988,627
11972,822
11168,761
11066,551
11546,479
12420,485
12742,998
12118,265
11932,408
35,205
82,101
24,66
31185,526
31325,530
10788,729
51831,894
11492,380
11575,914
11545,744
3433,851
137,4
82,308
7,277
22114,629
22184,825
10778,219
10880,985
11540,836
11520,464
3403,320
11827,690
143,141
51,133
21896,919
2924,81
11113,584
11588,630
12108,444
12494,442
12993,353
5749,922
13334,957
40244,746
4467,94
4479,827
5162,611
5113,169
5179,184
5594,526
27,451
20886,692
955,276
21274,644
9142,217
22204,749
9402,502
9408,289
9656,753
26,410
35,32
261,676
48,204
27153,542
27039,712
9318,534
9513,120
10714,695
10781,358
10943,778
11259,103
23,251
29,808
14,848
44,63
51,224
91,76
8250,545
8663,633
118,457
1458,785
9144,933
8722,862
38,305
2658,840
22,46
16965,962
7560,275
14634,706
7557,851
7520,324
8132,974
8178,456
8639,823
1982,621
8505,612
89,270
193,460
13,215
7946,277
8059,414
8318,800
7866,979
333,227
9099,923
8856,477
8808,985
1780,819
36,147
7714,719
16792,696
8159,808
545,388
8616,623
8661,637
8925,691
8927,625
8147,701
86,252
8210,49
24484,813
8403,301
8368,264
1313,538
8989,522
9066,819
9226,998
9005,352
9311,357
26,185
26,224
93,460
13,50
11,738
346,227
204,207
31,137
8338,464
8445,395
9211,839
9819,974
9204,202
10048,941
22,4
7938,614
7936,119
8051,867
8086,49
7987,62
8813,906
13,145
10,204
12,82
8742,124
8733,675
45,247
24830,911
15217,695
15514,745
16078,915
9051,437
9517,406
445,246
25446,822
16192,204
26108,793
16989,871
9913,525
17265,706
32370,855
9900,253
24890,696
7706,337
7778,711
7764,414
8046,324
8395,951
8006,954
9109,591
25,44
16,83
25698,937
9735,404
9846,788
9786,124
44031,989
11019,704
10989,705
2845,275
1891,103
23,176
28981,698
10384,475
10587,321
10552,418
10791,753
3083,357
10713,683
11935,839
11999,651
33,382
12721,815
32423,565
12661,428
13032,781
6100,287
13103,318
13643,826
13981,703
13059,545
34273,969
12835,52
12868,93
12807,457
14156,995
14042,358
14652,778
14627,661
12842,114
12937,128
24,118
12894,41
13004,779
13192,576
13753,603
5828,638
14694,785
98,152
48,310
14333,798
36493,721
14440,620
37435,640
15264,649
15187,929
68,581
15,202
17138,938
1458,356
1529,535
57,54
18321,999
48619,968
2073,382
47484,981
54,78
2581,684
2638,512
2395,300
2864,994
3039,802
3258,766
4302,913
26,245
50,118
13338,937
2918,363
2899,290
14894,964
4446,273
4665,771
5041,754
4983,331
27,66
4016,401
3972,554
4934,743
4878,644
4823,281
5144,782
5028,863
4039,306
4079,205
82,1
10,172
5424,783
5745,789
5681,417
5835,351
5772,459
6359,492
6384,668
27,96
5596,223
15135,467
5645,286
5771,599
6433,166
6337,270
5598,411
5602,845
26,434
66,299
88,57
5915,455
5886,601
16366,960
6381,399
5995,367
6021,233
6324,401
44,265
99,0
33,174
293,725
436,402
655,483
511,78
9504,808
9516,619
9621,961
25,884
44,233
18,735
931,745
9078,744
8888,875
9681,736
9419,489
9887,226
19236,874
19160,668
12121,851
2079,204
12064,196
2786,408
2834,541
2837,801
23,30
12351,895
12439,333
1924,147
1922,273
1734,99
2499,338
2413,607
2510,834
2743,756
15,174
33,234
44,372
15,200
196,362
105,314
14,872
2502,401
2892,343
2940,696
28,959
162,133
405,84
51,188
541,92
580,325
427,18
949,986
881,559
370,550
110,633
58,301
440,156
16,530
841,232
590,717
1193,898
557,949
16,522
145,878
40,427
96,14
15,412
315,762
15,598
449,224
372,109
461,236
891,443
422,424
29,867
148,912
11,711
521,451
11,1
527,917
974,970
528,427
68,509
13,311
16,228
15,55
573,732
8890,896
934,811
1289,417
1282,914
2190,967
86,56
3322,152
4204,985
4374,721
4529,638
4484,663
3151,248
3241,500
13121,755
3321,230
36,44
242,53
3616,873
3638,484
3001,287
3635,213
3362,895
3327,778
4018,355
3501,152
114,697
15,592
28,536
291,737
162,38
4070,927
4098,735
4262,628
4262,865
4573,752
18,179
82,940
5106,305
4990,396
5102,986
5356,332
5132,556
6205,891
6043,844
49,326
6747,473
15847,568
7042,423
7066,29
7113,250
7518,596
7661,192
22,115
18207,476
18241,720
8430,494
8365,279
10043,370
10020,476
9949,828
11116,601
19807,795
8572,382
9015,500
8956,879
9268,128
9895,874
9812,856
10047,627
12,56
14,227
18454,748
163,630
19517,611
1281,723
11,47
234,738
12,479
258,973
616,322
687,739
768,444
8573,776
1630,957
15,168
271,11
11,754
10278,811
10819,550
11780,749
11706,713
2301,822
674,61
544,296
19,826
38,822
621,69
790,720
1057,481
768,419
12816,793
13286,794
12,766
14,330
197,130
10,587
378,512
67,534
1745,989
983,416
27,226
10,538
466,522
8816,523
1015,623
483,680
43,199
11,63
11,52
19631,896
11,352
43,705
480,233
196,116
70,462
660,43
16,658
56,636
65,776
23,417
1328,700
1484,969
1384,866
2072,869
2231,98
2193,317
2682,406
2614,653
2339,195
326,56
116,153
2711,941
3539,453
3349,427
3271,241
4096,330
3475,752
22,215
15,159
13000,411
2757,575
12793,747
3146,908
3198,504
3424,390
3862,597
3963,806
28,30
94,359
10,304
2592,465
2618,581
2576,165
3456,923
3368,972
3868,534
3142,677
32,213
143,81
2930,729
3140,737
3411,462
3046,171
3510,259
3510,170
3861,392
4124,958
25,74
29,16
4683,843
4651,713
4588,125
4736,680
5479,829
5449,876
5760,976
5982,921
149,52
33,12
14,91
11,211
6582,495
7382,786
7383,799
8419,997
43,211
11,173
363,419
18429,525
18444,903
8758,232
9264,983
9339,370
1719,292
9850,902
1144,123
17276,955
1933,370
18042,976
1931,507
2430,910
2451,687
2699,169
2419,228
28,35
103,325
33,428
14,45
11367,953
1812,129
1756,646
1711,371
1859,41
2181,334
22,247
130,152
292,492
91,683
11,28
1856,757
1828,686
2157,517
2146,886
1721,455
26,324
74,596
14,563
3024,785
2928,153
2979,369
3685,474
3791,615
4127,996
3492,478
75,315
228,349
79,964
304,636
372,736
4458,426
4483,550
4418,210
3734,730
4731,674
24,665
67,382
116,653
398,831
240,200
6985,740
6841,484
6728,468
6720,664
23,509
161,18
129,500
25,487
4788,711
4641,449
5110,659
4935,328
5604,346
5138,230
104,269
43,987
245,373
463,457
290,639
5743,649
5816,228
6450,931
6891,849
5844,286
91,481
9,105
205,830
25,549
4966,498
5022,632
5259,938
4736,426
5088,668
5338,901
27,205
12,353
1591,502
1604,695
1666,416
1646,716
1837,516
2183,738
2561,625
21,399
16,147
68,37
12214,902
3466,888
3623,629
3301,194
3894,643
4101,903
4383,925
102,136
11,351
21,20
4500,408
4600,988
5275,647
5162,618
4458,921
25,35
17,207
15,262
14244,650
14621,971
6040,915
6164,810
6205,585
6155,403
16,78
17,323
25,161
12,6
7764,371
7913,352
108,114
38,830
17132,848
8729,305
9947,599
23,74
77,144
17981,664
9160,935
2966,420
9453,693
2341,732
2340,861
39,577
12163,764
12605,976
3368,513
3837,900
3719,568
3890,317
4259,998
3032,240
22,55
2722,209
12520,735
2751,446
2896,615
2964,849
2971,282
3428,390
4130,714
2990,128
162,20
243,147
29,655
70,179
2982,534
2895,210
2935,882
3699,415
3391,216
3381,162
442,664
81,398
77,191
32,733
75,695
4763,447
5661,929
5892,383
6370,366
5611,134
515,124
484,155
555,139
573,90
985,298
956,663
16,125
235,216
7544,982
7800,742
91,645
19,675
53,33
142,524
66,40
155,777
48,168
5340,749
5467,74
6092,846
48,400
178,92
80,561
183,27
4586,969
4645,865
4891,42
5345,170
5441,352
5481,555
1106,569
58,27
96,993
30,751
6748,908
3720,794
4282,653
4018,675
4379,92
4569,516
166,33
116,913
203,63
22,100
6077,602
6174,459
6837,291
6818,750
6731,543
7070,815
214,936
394,208
47,340
13,141
3372,826
3747,372
3826,719
3990,304
4806,992
4304,803
166,464
19,210
27,3
59,482
4365,860
4407,290
4581,235
4553,462
5037,801
3892,556
30,45
3802,189
3437,119
3479,322
3714,302
4205,618
4335,325
4468,384
4925,699
4969,781
60,751
25,226
102,289
15,11
161,551
10,121
121,16
5767,857
5077,160
5311,790
28,306
9,890
23,856
6,692
5510,280
5637,903
5644,215
5906,596
5840,559
6411,565
25,257
46,843
15,170
22,335
381,741
12,176
57,134
332,305
691,470
6571,885
30,84
25,246
246,71
43,416
44,988
48,221
462,5
488,711
515,926
1001,808
9,447
12,152
89,868
560,55
708,458
11,192
1307,745
1380,789
42,698
979,802
27,462
1270,260
1224,137
1090,388
1155,225
1144,906
1361,458
1305,89
1277,94
1345,996
131,83
11,74
12,751
24,453
273,62
367,371
795,696
768,567
415,119
70,242
131,607
20,227
9,700
439,591
980,13
916,330
810,928
1495,108
1549,272
521,451
31,403
9,63
9,671
246,124
66,315
65,887
217,38
1990,492
2122,972
2079,760
112,474
265,560
27,842
243,151
340,149
1793,659
1579,973
1936,495
2087,353
2160,909
17,271
252,45
63,891
15,380
11,326
187,292
33,673
2104,788
2217,526
2162,344
30,350
35,262
341,383
15,786
11,274
12,627
237,748
316,51
9,234
69,304
19,228
32,103
19,436
11,653
22,64
30,878
11,25
554,788
382,305
388,230
124,195
10,47
297,637
16,699
637,875
16,299
514,506
1355,978
46,31
828,459
17,142
28,244
43,325
366,32
253,841
151,554
68,389
59,617
144,194
78,597
7,747
152,125
9,906
189,241
715,504
674,337
816,347
1471,824
1379,872
145,482
30,882
987,920
14,769
942,182
954,63
1012,70
1062,881
18,185
20,625
28,887
23,883
532,337
12,562
269,843
47,898
14,409
12,807
27,237
6072,743
6201,529
11,480
14,980
36,965
52,909
409,521
441,146
3939,724
4276,661
4508,265
4791,884
13,91
33,365
18,547
112,970
671,148
12,842
13,207
775,55
744,930
67,579
8,959
27,950
38,541
12,217
559,309
478,380
1262,945
623,374
29,763
572,111
26,179
249,158
9,213
18,95
375,388
52,614
48,947
96,936
78,467
140,836
41,588
17,609
278,157
23,175
10,164
16,368
295,264
11,810
414,660
34,350
19,60
9,129
21,437
22,286
9,399
496,524
588,79
745,148
98,641
942,593
34,745
18,489
44,152
20,540
12,438
666,988
773,470
661,181
18,543
13,985
123,845
201,948
371,375
429,847
654,476
1165,893
1204,818
1838,928
1871,327
1905,483
126,9
15,807
20,450
9,440
689,697
696,358
169,484
754,606
996,691
2425,741
17,308
30,595
43,183
18,181
72,38
559,957
585,390
985,993
15,27
238,571
37,446
9,618
104,125
18,66
202,704
231,519
10,286
11,737
548,286
2219,911
29,412
19,307
55,359
39,522
136,75
18,215
143,262
314,340
63,72
2402,715
6,449
17,612
30,101
53,292
472,987
512,144
13,712
3475,354
3525,275
2639,945
192,319
430,240
368,641
938,281
28,990
5321,571
5205,853
5531,901
5965,639
13895,436
3659,288
4242,959
4774,621
4768,990
3639,414
4047,981
23,34
12947,780
729,266
13401,822
13364,470
1245,103
1376,388
1905,863
1804,603
2075,676
57,659
237,699
1297,764
1367,61
1916,852
2056,666
1403,577
64,469
1275,81
2038,744
23,283
79,304
25,657
10,808
9,379
262,432
56,349
155,273
169,64
173,449
30,887
97,125
28,866
10,101
1044,184
969,84
799,535
869,592
100,253
33,352
106,766
334,907
54,842
58,743
13,501
20,87
35,530
13,962
8,266
3700,506
61,938
23,436
28,325
211,825
69,368
35,233
79,835
20,331
252,30
2570,419
84,462
17,932
17,831
80,25
583,673
457,934
405,122
1017,987
923,446
3823,542
208,163
70,277
49,983
325,316
730,563
930,634
1964,717
1619,903
2315,892
5822,467
189,66
88,938
58,48
785,155
95,313
500,61
664,277
1369,951
1213,692
674,813
24,55
3104,247
3596,541
3626,381
3494,564
3606,998
3068,449
3094,914
3040,309
28,28
15102,727
5671,432
5618,83
5570,828
6320,343
6405,495
6449,544
6437,930
6754,764
18,441
31,129
7324,727
7403,688
7590,208
8126,610
7421,416
8207,960
7643,341
7564,819
82,173
57,12
198,259
7961,821
12,252
7887,549
9115,421
8731,610
9221,940
10120,381
2356,549
9196,309
64,70
1547,979
19849,514
1588,424
2383,337
2522,680
2251,276
3220,542
3262,481
3272,601
82,256
2770,896
2668,142
2716,753
3035,521
3270,141
3897,704
4093,416
108,280
239,27
70,234
13726,780
4235,284
13767,853
4652,542
4847,321
4793,276
27,344
14953,974
4649,376
5293,308
5828,483
4417,749
4728,477
4583,346
258,258
4652,441
17300,519
17234,581
5148,593
5871,509
4655,514
4715,577
25,953
77,254
92,135
148,37
22,248
4929,601
5279,555
5117,277
5535,720
5637,689
25,209
40,207
28,193
10,8
3659,731
3842,539
3837,673
3828,158
3800,309
4249,997
203,85
35,646
10,199
15,263
19,708
242,14
10,41
2235,703
2253,588
2599,917
18,718
70,144
15,506
22,339
20,245
110,755
12,362
16,551
1106,695
948,965
27,585
217,424
11,137
409,565
202,815
100,745
112,944
11,13
13,400
11,885
112,445
130,482
48,671
120,468
449,822
230,680
477,553
795,269
22,526
173,898
13,231
11,26
15,215
89,643
15,647
28,85
24,291
11,708
68,273
5748,687
31,239
53,720
15,114
509,494
525,777
563,199
928,690
580,324
5457,862
5740,990
61,127
26,583
22,131
100,430
29,42
4018,552
4159,895
3974,317
4220,463
4231,332
34,157
184,600
38,956
274,712
15,284
3871,688
4207,644
4244,942
4678,730
4821,772
25,108
148,780
2345,197
2365,788
2749,273
3024,442
3654,830
3742,789
2978,669
2725,484
22,295
74,171
28,37
919,390
1019,598
1017,878
1109,393
2242,927
977,73
1167,729
27,640
142,925
428,200
441,722
27,985
15,982
58,329
469,71
507,152
102,37
28,438
80,59
1761,191
2011,545
2095,554
1609,289
2074,435
2329,693
1661,914
86,844
97,752
250,98
5038,761
4723,526
4167,904
4612,776
5708,662
6630,586
6601,766
9,826
178,435
17,19
7221,53
7099,392
7613,959
7664,342
7586,87
7810,121
8006,825
32,435
49,633
46,456
283,219
353,7
13,329
294,34
11134,473
10949,869
2059,138
11848,814
2813,732
2992,376
69,250
14,83
15424,978
15510,958
3737,241
15920,868
28903,637
16761,839
16772,348
6697,948
7371,259
17633,385
7339,412
7400,714
4839,727
21568,511
21540,190
5664,405
5755,289
6185,837
6656,967
383,575
445,657
470,649
17039,751
542,468
16941,728
59,225
18212,803
1522,115
1620,631
1891,285
1940,223
1887,245
2011,89
13159,986
3115,463
1552,454
132,315
217,415
24640,992
2073,681
2273,543
2474,265
2603,441
2746,475
3246,543
3233,557
41,509
143,238
142,156
2016,717
1988,859
2167,129
2325,835
2617,837
25,226
12478,676
12815,967
1158,232
2441,518
2202,698
2194,855
2769,485
3793,627
24,151
1337,464
1374,847
1413,431
14854,884
2036,933
1967,785
12347,396
12653,828
2306,193
2440,72
2397,962
1483,673
2496,517
96,41
13938,768
25509,930
2633,411
3082,646
2752,206
2793,240
2921,760
14036,281
2698,170
34,85
14,394
17,178
442,505
329,610
57,868
1629,855
35,810
34,937
605,632
26,194
86,277
389,815
624,139
942,729
782,394
108,239
830,774
19,778
504,634
11650,596
1111,282
1440,348
187,7
613,883
417,723
142,97
90,137
22189,896
10099,283
1288,549
1318,157
1724,946
1768,449
1723,288
2196,526
32,925
30,630
86,367
34,23
196,270
2375,980
2063,888
2406,761
2696,904
2607,850
31,734
80,545
6,113
198,149
15,87
9,303
3187,839
3156,727
3075,436
3132,349
15,495
9,33
32,93
238,353
66,869
276,534
12,26
86,394
3238,640
3240,629
28,956
10,484
61,239
51,694
16,333
54,882
298,736
134,39
653,541
22,330
151,119
415,520
469,684
11,970
26,685
524,890
14,984
25,651
13,7
62,413
12475,878
38,627
210,467
146,454
374,359
138,182
14,554
27,321
54,733
158,887
233,505
6314,38
6242,18
6655,742
6681,378
6895,626
6745,728
5931,817
6134,288
171,963
285,278
360,409
27,57
11,243
24,0
11051,829
11118,932
12093,380
12053,909
12319,989
5018,305
5108,695
16962,787
7417,458
7313,239
7328,62
18373,986
7897,406
7657,51
7654,209
7707,98
24,611
314,912
23425,769
6926,173
7332,420
7279,516
7401,691
84,250
283,70
20637,958
5942,111
12565,743
6504,161
6537,467
6632,705
6856,716
6834,493
6554,963
27,60
6075,818
6340,404
20915,693
6986,544
7942,985
79,106
6056,369
7155,462
9175,695
9160,445
17372,393
9422,415
2811,440
18359,997
20627,688
14133,858
14340,595
4580,474
4807,251
5100,335
5155,684
5476,709
20132,258
4803,307
23,110
16,199
3144,941
3317,728
3350,807
3496,693
4171,687
4112,288
108,207
348,14
231,39
14536,920
5034,556
14967,841
6178,829
6155,844
37,7
14473,460
5168,458
14478,832
5261,576
6006,628
5958,270
6121,626
6661,502
6706,284
156,4
290,130
27,251
5161,323
5160,672
5159,339
5209,49
5319,291
5384,922
5771,293
205,233
36,545
76,599
10,37
24,576
7469,448
7328,345
7500,713
7767,773
7897,899
193,772
135,483
35,44
76,129
12123,771
12187,301
12482,937
12471,300
12671,505
11839,761
9,215
108,133
9,59
26173,915
8944,776
9350,954
9568,987
26076,597
259,393
8509,131
8667,723
66,375
18504,958
1494,203
1423,50
1518,816
1917,161
1941,620
2093,133
2274,262
3010,804
46,62
13,17
100,225
3867,799
3922,823
4398,827
4471,426
4412,274
4594,530
281,396
14821,773
3470,666
3060,953
3168,677
3234,517
3378,355
3589,790
4045,346
4319,563
37,249
52,309
43,100
1839,553
2165,804
1861,125
2399,970
2407,657
2482,266
3072,718
29,657
41,249
541,113
608,770
14,545
630,529
745,414
1202,582
1210,999
72,222
69,293
251,342
362,987
347,241
294,15
558,3
77,671
121,990
233,234
72,668
27,556
12,113
13,703
123,97
639,649
1401,267
112,798
592,848
157,755
301,846
31,89
66,864
123,247
9,11
27,51
3107,594
3061,420
3088,455
3564,610
3667,839
35,969
23,338
4681,265
4755,136
4760,222
4715,155
4790,54
4749,259
5816,553
5874,958
30,489
44,237
100,459
25,598
341,545
7432,708
7458,198
7628,956
8239,446
8061,728
160,665
36,568
107,84
229,332
8216,564
8354,621
11,743
8146,117
8977,476
9023,563
9666,976
8975,157
1507,157
13,570
11,663
685,738
520,707
788,380
35,127
57,746
624,495
323,622
27,411
9118,874
45,906
60,678
50,64
479,615
31,564
34,181
59,150
8,639
123,271
153,791
1273,730
1263,306
1411,257
1638,492
9,246
34,0
90,142
327,590
9,624
213,378
727,354
276,831
468,312
12,99
29,890
15,752
63,167
10,655
345,658
237,360
173,423
356,219
210,445
4359,821
27,765
23,973
17,759
227,83
39,9
187,430
337,765
5501,607
5688,592
6022,851
7,481
60,286
41,573
47,501
610,916
783,263
801,277
1035,933
6584,850
6981,905
9,520
6,266
44,475
336,490
372,430
67,767
7138,780
7031,909
7213,926
7426,960
16,542
23,270
7350,860
7353,381
7801,339
8548,448
8833,351
8929,688
9063,682
17327,828
6703,554
6934,403
6958,190
7180,633
7072,275
7724,942
7750,538
7776,263
15403,656
19,134
171,394
369,92
13,502
592,93
310,990
247,246
185,359
7896,960
8291,573
76,85
9,950
22,222
43,335
445,95
459,418
471,520
410,223
612,441
6212,300
27,411
36,523
45,992
57,445
12,646
741,413
683,936
1120,581
6403,507
6591,563
155,541
18,983
331,294
470,616
861,412
492,630
1331,865
10372,484
10316,262
14,825
686,80
495,465
652,485
11248,797
891,97
1380,750
90,306
15,394
135,4
13270,961
4831,636
4904,700
5644,600
5733,380
6006,503
5713,788
25,581
26,337
5650,705
5639,580
5977,838
5935,762
6674,557
6703,314
6466,679
6958,811
7332,360
7509,567
7702,206
7830,711
7421,359
7761,517
7290,385
75,277
91,271
20969,939
21009,653
3467,80
21163,674
3831,406
3876,528
4216,721
4265,569
118,960
13,234
15,92
6836,365
6912,439
7011,578
8101,599
8068,852
7184,167
7659,873
43,295
12,534
171,536
224,422
81,62
55,382
14563,886
6635,171
6605,887
14996,965
7932,493
7814,724
16188,551
24404,523
6126,444
6593,864
6766,266
7143,498
7221,466
8568,916
26785,655
9473,517
443,444
18239,991
737,323
963,237
876,397
883,772
914,40
1472,780
1558,431
1589,389
26,160
43,620
192,244
13,110
16,225
36,947
608,803
86,608
195,226
410,395
27,505
48,777
15,498
10,156
477,469
70,410
706,954
11,466
504,115
11,458
198,342
9,361
170,97
624,452
523,597
1361,608
459,910
1650,719
20,364
612,414
96,807
399,610
346,171
471,292
299,335
521,776
953,643
1969,439
13,185
2281,989
30,72
28,150
1718,708
1542,743
1700,612
1621,442
1733,434
2696,644
2713,789
3132,994
28,933
73,129
125,407
2229,629
2368,707
2233,483
2271,142
2383,175
2956,936
2742,209
91,500
10,998
185,117
382,545
14,225
456,461
632,168
5081,581
3620,445
4365,680
82,547
121,789
58,127
389,800
329,268
418,490
16,132
552,509
4171,946
3986,772
156,832
416,62
422,23
270,22
780,708
867,771
1293,356
1513,388
337,92
15,701
27,268
78,864
96,215
23,972
12,351
434,777
614,141
21,788
18,539
58,597
13,298
121,773
248,342
78,255
248,118
418,90
568,420
671,2
1016,362
935,714
32,374
31,562
18,873
10,471
606,815
705,421
664,141
19,618
4528,738
5020,814
169,759
199,446
33,51
254,124
22,26
423,888
4064,366
4062,826
4437,549
4619,731
25,644
29,351
33,348
38,185
13,182
2151,905
2228,877
2247,142
2839,745
3040,515
151,546
17,174
378,779
12,310
12,586
540,930
928,10
831,767
1786,882
142,379
12,248
50,686
13,163
41,722
9,570
12,319
187,186
137,725
219,36
108,804
377,462
467,788
429,270
9875,985
1136,321
1554,243
1093,75
1477,710
1085,246
19,852
29,905
13,163
49,73
20,85
1291,451
1876,692
2170,343
1672,454
31,3
13,168
88,643
12,422
747,881
701,278
984,811
1412,867
14242,956
62,177
18833,611
10627,572
11513,652
11467,368
11656,731
11845,865
21,33
10380,701
10563,571
23273,956
10169,532
10605,801
10743,513
11253,687
11415,633
10195,42
146,927
230,289
12853,605
12431,632
13282,788
14007,280
13694,41
14703,731
14844,572
14511,143
3495,209
3914,765
40,525
31,65
14,120
2145,540
2233,922
3249,633
3563,262
3961,606
3966,931
4154,987
26,331
41,198
816,637
823,329
896,430
1201,591
1197,809
1460,872
1956,899
825,589
54,48
1302,378
1234,556
1398,129
1481,391
1462,261
1967,627
1982,867
1501,260
1461,363
184,270
157,370
275,513
302,585
29,914
13,53
3715,129
3621,542
2317,778
2479,965
210,194
445,464
381,181
14,496
390,111
43,37
507,388
495,6
1333,159
1585,709
201,280
12,43
241,453
262,270
277,663
633,552
22,903
313,239
3735,415
3434,460
22,871
97,427
35,66
272,725
320,669
33,19
114,984
16,368
287,101
16,466
27,650
50,812
324,0
354,333
452,935
728,403
11,368
534,426
797,898
7713,812
24,408
133,972
291,918
107,107
20,37
27,529
13,851
62,257
64,103
269,292
393,816
13,780
434,968
13,190
11,161
203,865
66,367
511,696
92,607
24,15
1824,197
9199,270
1819,978
2022,448
2027,960
2257,820
2445,66
2842,840
2898,976
127,224
3151,822
3160,155
4281,560
4562,559
3115,779
3501,918
34,292
19,95
14760,811
14890,667
5083,396
5657,707
5732,892
14927,746
16718,415
16705,972
6123,284
7231,482
7148,772
7292,268
7470,427
8083,747
8433,851
8051,878
2257,667
2248,809
2708,906
2786,488
3185,965
3200,523
96,59
13095,319
13136,413
1061,193
13137,322
1414,671
13434,495
1391,560
1772,373
1808,727
33,721
45,304
31,24
617,869
33,56
13,695
446,345
1103,471
1902,772
60,505
25,653
16,153
2872,818
2855,637
2945,455
3190,288
3257,783
4169,434
4170,785
25,43
13747,776
2950,530
3160,695
3088,880
3536,518
4020,976
16,117
25,224
634,161
11388,704
11508,494
1780,625
11523,676
647,321
2004,731
10009,688
17,591
318,105
323,504
294,905
10,778
29,190
13,907
6719,997
7298,258
6836,625
6849,647
22,422
79,402
11,517
25,111
13,280
6773,938
6685,129
6775,915
6869,442
6799,564
13,943
103,837
14,61
25,504
5572,522
5785,675
5596,626
5938,608
6328,729
6009,909
174,106
381,812
477,502
4801,661
4996,915
4906,975
5866,445
6025,301
5792,238
6005,149
16,735
20,173
48,564
2571,424
2606,818
2786,241
3751,605
3231,914
3028,814
2751,926
28,443
112,487
129,240
148,143
1322,910
1305,703
1631,596
1505,249
2130,928
2013,862
29,248
27,189
7,290
24,18
12394,502
12389,684
12330,262
13033,940
13314,485
13639,738
5965,389
13573,494
16758,813
6466,409
6454,275
6566,242
7563,784
7839,679
8317,950
8924,990
8984,469
19409,525
2750,153
3171,479
3254,374
3747,265
3778,506
2717,201
3878,649
2793,676
3049,848
188,13
205,156
46,607
75,105
9,720
1814,290
1827,341
2580,656
2741,594
2793,806
31,915
266,595
4078,830
4249,115
4238,364
4683,418
4849,260
5161,630
4363,914
4690,769
22,671
14,114
7932,906
7929,558
7814,197
8799,649
9090,578
8750,797
9750,524
20741,411
9550,517
9349,914
9535,546
10255,981
10341,615
10944,827
10908,600
29,84
3202,963
3639,809
22665,861
3675,183
3934,448
4056,546
4571,984
21835,869
3181,143
12,397
34,425
5766,770
5775,991
6171,856
6339,609
6552,672
21,67
17790,499
8059,217
18489,935
8960,665
9447,663
9441,751
17803,901
10141,678
15,225
87,220
21193,501
10943,295
10919,503
10839,325
11124,423
11697,961
11702,700
25,246
22596,735
15339,729
3227,466
15703,618
3695,887
3924,694
16,55
25,351
15819,926
15964,933
16123,844
6159,598
6095,780
6499,867
6815,556
6837,605
20,205
35,32
29,242
46,22
9440,849
9446,878
9427,112
10815,819
10393,561
10358,597
10447,332
2241,855
27,414
14027,856
3883,507
3912,297
3910,122
4654,823
4829,402
5131,886
15776,454
15754,787
5331,563
5699,205
5753,638
5813,589
5849,202
6469,579
7222,681
6411,665
234,27
24,51
3240,273
3745,368
4580,798
5785,706
5863,576
5923,473
6795,888
9257,940
5805,778
5821,353
5803,402
6369,804
6353,494
6654,231
7631,896
7463,895
26,112
3151,299
3198,241
19090,663
19146,809
4066,726
4112,872
4294,416
96,15
13,124
163,78
15940,903
15929,988
6258,440
6498,442
6799,663
7513,749
7570,874
19,134
9028,282
9165,389
9099,981
9891,710
10100,803
10352,481
10415,576
10127,234
10994,678
70,138
13,795
10957,223
10969,89
11049,832
11002,626
11423,190
4186,212
12419,610
11573,306
11653,892
26,236
15452,762
2944,333
2989,694
2964,210
2998,216
3401,732
3593,491
4505,965
4856,680
15106,738
5051,229
4987,327
5757,921
5215,220
5042,608
5220,233
27,385
14,141
18582,806
18366,725
3286,710
2976,157
3058,556
3110,59
3768,387
4137,886
23,739
13,383
73,164
86,289
29,101
6580,268
6562,872
6143,487
6228,729
6543,665
38,405
148,200
34,995
273,885
8168,572
8230,46
8418,931
8553,656
8077,413
8347,885
34,516
20,142
13,38
144,873
18,53
69,113
13,275
36,669
2816,618
2866,143
3035,576
3031,226
3030,477
3370,558
12639,967
24,26
15655,564
15803,742
15708,576
4598,567
4565,780
4887,820
4880,922
38,209
16758,931
6066,932
6103,498
16616,605
6619,643
6642,987
25,273
18702,674
8448,229
18577,567
18704,433
8606,333
8769,163
9357,811
23,98
41,161
10410,342
10470,60
10921,921
21364,315
10446,279
25,174
70,150
22929,878
33459,740
15569,797
3622,294
4687,719
6079,746
4326,95
28657,969
36713,947
4826,587
5727,587
5729,921
5814,847
4300,13
17087,823
3649,517
17501,916
4135,505
4491,843
4545,457
4561,303
4704,327
4843,320
3629,183
93,37
128,416
158,135
170,320
3150,547
3361,388
3383,399
3189,455
3518,254
3501,709
31,178
82,892
461,225
59,842
508,263
204,339
6805,838
6799,857
7081,895
7036,687
6,391
16,629
31,946
207,93
13,118
385,420
8333,978
9071,667
9099,416
8351,307
31,274
20416,373
20514,992
3447,153
3417,205
3455,771
13519,959
4082,393
14073,691
21,47
16533,637
6337,476
6771,517
6972,880
7117,361
7212,647
17845,697
17853,332
18582,860
8606,790
8608,226
9073,920
9159,338
20404,880
20400,707
3400,643
3873,616
3709,722
4004,845
20715,923
14983,786
2851,220
2715,167
15531,608
3286,472
3776,879
3756,221
14953,567
2871,45
23,381
9,42
4596,759
4700,595
16638,634
5229,774
5275,757
5660,915
52,142
15,147
102,5
12,32
17846,825
17920,673
7540,845
7658,903
8228,998
8193,414
101,990
16,568
22,225
9677,552
10239,105
3417,546
10806,905
10733,968
11140,661
9832,539
3540,64
4011,758
9755,565
48,469
82,844
3424,465
3144,539
3275,441
3609,368
3821,722
3364,424
4855,874
22,82
21,168
15483,793
5186,790
5501,674
5568,587
6265,962
17489,704
7853,139
8149,346
8216,962
18356,882
17455,928
9059,695
8983,337
9002,564
107,555
3539,989
3566,779
3626,265
3907,334
3650,127
5104,175
4986,859
15177,271
5718,616
5733,740
5755,175
7021,278
6882,554
7167,632
6936,506
33627,854
27,394
3719,506
3798,88
19763,861
3764,626
3809,102
4374,524
5196,936
5642,926
40,178
17,131
18315,967
8812,818
9318,682
9370,599
9421,239
9652,797
9796,836
10334,518
21274,543
10392,860
11061,939
11060,876
11161,80
11737,531
11658,229
11685,368
11693,49
101,665
15,336
11,52
17,281
3884,438
4149,538
3547,237
4270,944
4310,518
4538,468
45,539
6,817
9,58
22,92
5698,315
5809,598
6325,968
6289,636
6577,648
7163,988
150,220
288,127
10,712
7879,182
8157,349
234,101
8525,554
8210,76
8575,480
8724,489
9706,599
25,25
22,191
3367,502
3364,785
3061,447
3192,273
3867,519
3851,994
2857,359
21394,855
27,564
36,384
5427,587
5167,732
5111,737
5259,542
5210,259
6425,484
89,304
17047,948
17101,477
8116,548
8159,818
8566,261
9060,790
9115,691
9339,669
11155,923
11641,724
11702,543
11744,392
11905,117
20778,911
13172,895
23449,631
23576,575
2987,290
3474,939
23533,934
2958,50
4081,614
4075,628
15217,623
15213,782
3665,588
2999,183
14756,789
14797,884
14937,341
4809,343
15479,729
14838,923
16412,594
24,348
17251,654
17254,655
17683,660
5011,951
5506,821
5658,681
6441,342
6639,751
6762,568
24,908
5597,960
5972,516
5937,667
6038,657
6030,11
6450,585
7148,676
18487,975
8478,968
8504,446
8592,414
8870,464
9616,530
19834,756
24,136
20842,833
20825,589
3032,255
3290,245
3033,231
20922,873
4306,922
4381,639
24,60
11,47
13,48
16345,852
6255,415
7150,613
7470,981
8075,938
8123,689
63,104
19492,580
19,293
8465,845
8643,879
8543,816
10243,936
9734,968
8846,757
22,100
13,164
20980,657
21184,653
3412,505
3522,630
3689,253
3940,731
4042,754
48,14
100,62
18092,981
6271,554
6193,295
6576,281
6858,383
7142,499
7163,570
6130,167
19,30
335,446
9433,405
9459,344
9718,486
9821,271
10228,972
10295,547
81,63
233,69
18,250
23104,802
23285,593
23339,711
3919,220
4370,436
4152,657
4382,763
204,774
251,290
252,21
105,144
5731,606
5804,288
5740,788
5780,652
6697,419
6744,328
46,394
125,476
152,947
294,399
256,153
8459,433
8063,391
9067,545
9084,772
9438,502
11,118
311,809
19,153
427,67
10998,497
11028,768
11209,541
11440,689
11664,449
3388,743
12071,995
3926,517
27,220
16,129
16431,929
4247,666
3484,733
15710,984
23,99
17380,838
17304,318
17344,324
17693,542
9122,450
8692,609
8740,549
9515,628
89,133
78,261
14,54
21922,949
10665,434
2878,338
11308,920
11272,521
11376,510
4131,573
12577,754
17967,522
3915,383
4150,384
4121,212
4219,908
4246,367
4439,679
25699,828
15,157
26,163
7677,421
20678,954
7952,296
8472,487
8671,418
32857,830
20290,823
20270,776
10006,616
9922,356
10580,272
10638,274
10933,408
10939,767
10726,642
6,666
28,12
3285,53
3417,985
3618,455
3784,439
3651,660
3756,729
4269,999
4526,782
132,648
57,14
6539,274
6384,291
6482,212
6839,248
7179,834
7203,377
7374,676
24,69
33,718
8501,832
19,415
8772,51
9185,712
9798,621
20735,837
1793,794
10287,754
8917,754
8940,421
25,283
75,377
3782,657
3809,793
4221,845
4266,511
4134,866
4122,532
23,107
15,135
15738,824
6331,346
6627,529
6984,525
7910,776
8349,746
18185,761
22,190
21243,529
9693,988
9725,436
10052,519
10004,472
1858,638
10486,822
10648,969
10740,841
92,115
22533,900
3978,607
4450,382
4041,735
4148,190
4447,211
4265,265
16,135
160,97
22,18
139,378
58,200
11,39
174,30
210,851
6518,922
6570,249
26,238
16,790
10,608
31,152
459,654
551,712
681,649
34,311
48,384
73,64
27,44
257,913
37,659
15,78
90,682
11,442
1209,967
762,313
1437,232
72,431
9,69
8,585
22,334
11,169
29,422
30,659
4743,359
4548,608
4736,141
4585,265
14,68
9,308
38,371
245,391
323,482
262,728
274,67
20,111
7126,482
7125,614
35,52
32,422
10,390
13,215
10,264
536,670
10,745
8,792
735,884
464,0
25,189
96,359
123,26
1801,845
1826,394
1934,779
2078,80
2914,728
2491,465
2315,721
168,692
351,505
176,559
4763,838
4875,818
5558,865
5885,527
5633,691
5362,333
6569,996
27,901
17,341
78,75
5776,597
5743,195
6559,770
5755,404
5818,274
18229,963
8948,138
18254,601
8847,256
9395,561
9477,885
9642,916
10264,902
9728,715
3233,744
4325,285
3768,518
3543,802
3949,49
5700,674
24220,960
5534,359
6514,955
117,146
123,202
17995,840
4449,193
5352,547
5455,875
3861,993
3829,108
4465,592
22,95
92,45
148,14
6113,913
17401,314
5853,182
6339,718
6385,815
6813,486
6705,883
179,183
286,208
327,233
342,700
431,55
569,108
253,154
19,46
220,469
552,425
9559,822
9139,692
702,61
647,249
502,45
9484,657
1465,618
138,425
65,431
3115,695
3133,235
3392,244
3829,393
3845,540
4018,824
4281,596
3290,221
150,325
100,666
135,178
5567,919
5796,656
6312,840
7139,258
6294,856
5974,741
6285,405
23,419
227,84
7969,91
8113,678
8019,219
8148,289
8070,85
8955,284
8953,54
8995,487
9151,364
32,777
214,288
238,269
169,549
300,297
3892,859
3962,692
4230,935
4278,494
4004,134
9,467
93,408
20,547
123,192
374,335
45,71
6687,836
7125,757
7343,794
7305,922
54,115
26,375
66,285
11,23
85,483
9,211
11,769
20,547
14,547
81,540
59,590
93,391
483,31
433,542
733,919
836,461
802,445
1244,183
1378,964
226,14
231,9
13878,571
4308,92
4279,436
4661,782
4790,617
34,21
162,74
15702,404
6006,261
6179,371
6758,220
6615,320
6903,628
18006,502
11,93
24,104
25,62
11,61
8916,142
499,577
1328,140
30707,538
11134,797
11895,439
13499,548
14756,638
25776,897
6024,91
6499,352
6461,944
7184,458
7214,657
6298,337
7150,294
7236,410
26,259
17,29
82,96
19327,801
3455,970
3494,823
3990,317
3686,400
4185,586
4579,869
59,96
159,349
216,41
6201,842
6203,659
6589,299
6596,193
6219,980
6592,239
7059,557
7,303
20,574
8799,515
8812,814
8980,119
9755,282
9753,948
9810,515
10231,498
10262,872
18,4
112,500
3481,306
3413,704
3529,127
4024,800
4245,184
4960,769
10891,387
4161,314
109,106
27,288
56,58
15765,888
15698,862
3343,598
3734,561
3647,846
3636,346
4059,573
129,922
222,259
93,675
4897,301
5096,412
5259,233
5648,398
6015,936
119,89
117,688
7786,461
8020,171
8411,220
36,94
29923,959
19918,748
20615,575
11261,282
20544,707
31286,906
11790,612
12129,936
89,309
74,29
2974,511
23045,505
3630,527
3793,890
14847,577
3976,949
87,356
102,86
15540,908
15418,775
4928,932
5310,829
4980,579
5341,513
5773,592
5626,707
23,63
36,61
7756,358
7891,259
8061,421
8778,304
9019,652
9554,745
21663,966
11718,152
11687,270
11659,234
22315,926
12203,442
12434,368
12317,372
22795,743
2907,449
22795,953
2823,256
3721,510
3770,344
3677,425
4242,618
23,71
17340,799
17439,621
4362,731
4392,864
4520,487
4625,569
4663,595
3967,399
3933,764
20,187
26,106
5646,201
5664,915
5670,443
5596,373
5556,276
5607,101
5764,285
7056,987
109,352
9,499
53,118
8875,722
541,799
9733,913
9831,509
8953,992
21382,813
3546,258
22220,678
22052,363
4622,176
23319,590
15566,790
15537,712
15577,773
3092,259
3826,268
3811,537
16271,406
22,107
15518,930
15557,690
16125,929
3586,706
3813,440
3869,464
24,236
15598,864
15790,443
15673,540
6651,520
6752,911
7499,436
7501,807
7611,708
32,23
22303,691
10389,454
10344,671
10756,691
10833,249
11024,512
11228,356
29,65
18,30
30,220
130,88
10562,459
23794,824
11331,842
11621,799
23369,915
10548,477
9060,360
27076,658
9318,460
9211,625
9587,670
28791,664
11253,954
9693,329
9602,358
10537,641
1656,46
1289,288
23,84
11092,625
11181,742
13142,302
13588,607
14187,774
16389,841
16915,965
60,540
193,664
80,7
66,334
2449,456
1827,340
2761,589
4795,561
6710,973
6751,900
117,177
5196,878
5312,417
5362,222
5375,108
5683,388
6177,719
5982,767
23,455
17641,658
18101,693
6784,579
7496,460
7516,798
7782,386
8381,523
8378,385
8318,538
23,93
89,144
77,11
128,177
9338,450
9370,615
9386,992
10010,266
10093,840
9935,269
1860,35
1912,306
2098,495
61,39
14899,851
3741,636
3623,201
4191,658
4331,763
4572,518
4644,357
4610,203
4173,449
25,7
26,263
21,12
6137,661
6905,576
7104,604
7467,954
7577,406
8025,883
8443,979
19,274
8600,412
8563,471
8596,657
8911,888
8927,587
9503,815
9492,174
8903,409
23,86
20841,377
13660,763
3442,633
3560,354
4113,900
4112,359
4091,579
4244,560
38,109
6318,412
17197,361
6365,524
7218,875
7755,636
8595,762
18,210
18925,974
8595,330
8772,420
8719,671
19580,874
9730,742
20491,816
10341,707
10347,540
2187,768
24,4
3472,444
3611,874
3573,449
4492,787
4918,634
5378,706
5407,689
5322,844
16882,754
5936,516
6053,276
6127,348
6163,85
7044,272
6651,393
6774,977
8117,999
6546,222
205,486
123,812
440,160
68,129
4841,972
4649,516
5288,884
5009,961
5840,688
5549,404
28,47
148,548
9,679
62,299
181,102
5771,628
5803,532
5773,850
7222,626
7691,925
91,215
17,698
10,320
22,142
8356,337
8351,234
8386,378
269,128
8447,472
496,243
9222,798
9276,520
9641,802
97,691
194,94
134,476
13,947
4270,903
4019,815
4380,864
4750,471
4993,403
24,491
33,274
20,10
7431,375
18077,863
7760,837
7918,747
8068,389
8498,904
20,58
9520,975
20692,800
9627,216
9743,360
9808,823
2216,297
10449,825
10536,800
16,80
87,231
21571,567
3174,210
3624,589
22146,565
3064,96
4870,890
4778,805
44,130
14,54
16881,980
6194,405
6779,591
6823,747
7580,803
7584,706
55,158
70,149
20069,924
20228,634
11367,806
10351,733
10707,642
29,172
12176,636
24,86
3418,454
3446,927
3493,518
3629,589
3736,432
3874,780
25686,799
25629,867
12,22
6,139
24,81
28794,822
8875,256
8833,430
8843,579
9235,317
9294,808
9146,388
57,781
13,147
154,602
14,562
21,62
10089,506
9827,379
10409,500
10837,687
10372,596
10276,169
1830,472
2518,946
1790,395
282,702
290,679
171,43
394,138
4863,422
4824,263
4957,487
5189,251
5504,700
5952,999
28,357
163,480
37,766
439,376
357,126
562,89
7799,963
7994,558
8080,851
7237,447
24,357
160,951
162,151
365,581
19,2
385,479
219,4
313,79
10886,735
10408,161
3483,336
3471,692
12887,871
4106,244
3923,409
102,98
174,164
4948,530
25362,577
5071,729
6205,662
6301,575
6786,528
54,43
12,9
18603,921
18529,566
6809,491
7005,773
7438,465
7530,508
7528,308
6555,289
281,504
13,245
86,569
342,107
485,926
498,369
12,2
132,399
9793,951
2498,572
2582,646
2538,145
2902,125
2890,662
1881,267
2919,277
9797,681
2472,456
44,59
308,671
144,131
104,80
86,54
3904,643
4440,476
4316,712
4364,400
4445,763
122,494
13,556
143,274
207,81
223,391
349,291
6412,687
6427,839
6257,584
6366,632
28,615
26,358
157,752
17,82
199,363
16,592
13,330
897,107
9563,422
9460,918
53,323
9834,967
10372,742
10479,583
41,148
14049,869
4810,897
5000,828
5079,823
5455,709
5928,345
17138,496
17292,344
6459,263
7534,607
17301,797
7588,982
7687,821
7694,323
7840,823
556,924
50468,439
1295,976
1345,110
1635,337
1725,259
73,57
138,337
21,131
13586,745
14008,845
14085,687
14590,877
5050,576
6045,840
43,394
19028,931
5558,827
5948,341
6524,142
6110,125
6182,389
6525,945
6525,445
5935,616
125,174
136,245
240,645
10,800
9516,29
9478,981
9698,661
10650,220
10719,779
11065,963
2712,401
2133,428
9919,409
4248,542
4062,171
4503,524
4600,835
4772,795
4932,778
4232,607
4084,458
73,475
18177,835
18250,831
6392,782
6326,715
6836,524
7020,422
7353,848
69,128
18600,511
6356,989
6235,409
6285,420
6329,370
6541,340
6444,808
7017,826
7236,890
245,621
16,431
8314,209
9709,292
9391,609
10121,680
10175,681
8370,182
461,676
1367,872
22201,918
2632,758
3041,640
3480,405
3978,544
3152,637
22333,299
45,260
15377,853
3433,131
3341,82
3476,498
15997,841
3932,915
4727,316
4808,474
15190,885
4757,570
4971,574
4892,807
6837,965
6897,676
25,337
40441,926
18134,694
18457,756
3730,894
4040,312
4635,645
35,120
15802,763
5864,362
15755,542
16544,663
6630,876
6957,682
6936,754
7216,897
25,149
20264,466
9055,810
9738,591
9636,845
9969,739
9804,264
9074,369
9097,18
407,329
11348,464
11343,697
11408,384
11571,247
11545,741
4599,777
12156,254
11527,790
3474,708
3540,549
3573,577
4511,765
4438,966
5074,285
5060,358
5184,218
29415,740
3200,710
49034,980
4360,221
4466,982
4559,249
3252,689
25,46
17551,728
17602,558
3756,452
17884,875
4104,991
4147,784
4416,680
4534,742
38,22
152,56
6157,253
6701,125
6582,450
7382,658
6544,473
6348,832
6813,179
37,326
22,495
77,15
8946,895
31933,972
954,80
9308,875
4063,541
4145,144
21926,963
22157,754
3527,93
22756,811
22822,659
4550,200
4719,441
4940,305
4910,303
4666,894
23,562
66,142
4863,333
4778,830
4945,753
5220,744
6392,519
4941,422
6526,520
17287,675
6613,238
6819,127
7400,402
7444,514
7573,963
6633,969
17194,831
7419,730
3033,211
3136,713
3073,134
3091,90
3152,107
3204,297
3719,375
3680,136
3810,290
3817,91
28,78
32,354
24,148
12,205
24,480
107,496
81,409
9,641
15,484
3468,623
30,40
43,962
25,570
192,344
1017,583
1072,179
1058,160
336,35
6712,214
31,11
16,846
411,756
423,277
601,563
582,147
28,507
10,222
81,24
619,837
11,539
80,687
594,548
548,161
1658,972
1645,981
747,374
13,137
24,24
11,588
4861,882
4802,733
4874,827
4942,233
4440,69
4947,310
5282,394
153,734
146,360
171,764
5772,494
5859,635
5659,190
6584,425
7003,881
7026,470
6553,121
6,739
25,79
67,546
13,173
25,128
9,399
8607,381
8891,700
8650,750
1782,306
9933,503
10242,741
21090,909
2949,147
3080,264
13158,649
3685,509
4073,827
4141,393
4459,373
4637,357
2979,336
3428,294
3376,368
3372,907
3787,593
3811,294
4298,994
4246,814
3780,965
108,39
16774,380
16858,539
4756,567
4879,263
4775,194
5175,757
5171,242
5350,782
5433,729
52,186
27,819
25,26
6207,427
6292,239
6616,554
6049,504
7313,947
7213,585
6637,545
95,7
23,79
169,681
22,278
180,200
11,161
145,146
299,181
8977,633
927,446
778,84
1129,378
859,429
2016,912
2153,599
12667,651
48,507
66,92
27,45
32,3
5081,453
4100,578
18897,831
4297,293
4403,91
4890,168
92,253
332,113
17345,724
4162,75
7503,684
8863,593
9176,492
9442,713
9526,736
9425,702
54,261
79,553
286,307
13,102
96,45
14,252
13,410
12,759
56,327
3243,116
9838,708
3747,962
4137,829
3361,396
5141,845
3213,128
5311,912
9793,424
94,554
180,13
233,148
7262,258
7116,546
7175,704
7502,155
7522,379
7573,548
7091,317
123,577
274,721
415,229
464,227
283,780
338,348
