1215,265
969,639
903,946
558,134
3310,475
3087,841
2061,282
5570,647
5765,749
4443,987
4612,823
252,22
331,30
434,299
288,163
2249,774
2232,379
2345,375
2468,72
3750,962
4134,901
1086,415
103,562
371,937
829,88
187,807
186,876
1330,111
1611,358
1713,346
63,9
1429,779
704,529
2128,532
95,942
451,442
2447,630
2938,691
3092,515
130,254
285,659
37,191
1209,503
80,668
326,524
1991,278
2994,580
4100,965
901,20
4080,626
137,624
57,829
40,415
159,542
1859,912
1086,727
2988,488
12722,966
745,794
4606,461
189,200
66,476
29,80
66,493
835,238
1055,600
1947,455
1924,863
2269,383
2354,622
83,868
55,640
156,295
315,326
487,91
528,45
66,44
2711,322
2520,190
2477,817
63,445
29,45
345,563
80,41
106,667
38,97
1122,701
1130,217
1209,382
1069,46
164,649
35,13
1027,886
1435,437
1543,990
2208,818
2417,46
2984,503
130,224
742,12
1218,573
1131,200
1712,717
11508,813
13100,947
3001,698
4804,858
724,388
683,982
916,320
283,318
1002,74
1691,431
2363,703
7806,413
2676,640
163,178
20,61
18,408
9865,848
1562,348
2274,760
1671,79
3597,945
2806,423
10923,979
73,492
43,563
345,730
591,191
567,145
640,846
676,47
1255,675
142,65
7622,820
8262,895
37,190
1111,636
1220,259
1101,18
1163,244
1314,500
1833,574
59,650
37,212
25,897
729,433
745,573
880,983
1220,209
1197,462
1731,776
1587,388
293,890
24,66
897,802
946,365
938,179
1353,264
1314,616
1547,267
1789,806
14,54
237,590
6505,873
450,975
587,418
663,568
871,50
1167,505
1618,649
2208,891
21,705
146,408
595,191
670,539
841,163
1810,855
788,287
955,563
802,693
192,324
111,385
41,572
34,166
22,477
20,675
845,369
1012,634
1471,780
2891,677
188,785
26,120
595,980
95,779
74,35
3014,573
3414,658
5070,791
91,280
13115,998
13826,981
142,896
56,336
307,163
416,112
950,268
900,696
7921,790
8140,812
7683,263
9028,267
412,509
916,709
762,601
623,596
27,151
14,10
1171,28
3213,445
7810,632
3299,426
29,742
13,374
37,109
14,4
84,323
804,397
750,38
612,898
12,612
411,211
225,20
191,784
244,136
12,995
650,542
590,585
863,631
1410,945
1472,204
1519,967
57,923
49,844
13,426
604,697
814,946
883,252
989,170
1586,917
1129,267
12,160
40,30
105,423
301,810
323,573
712,307
712,348
802,46
19,954
107,894
56,912
56,616
13,538
269,91
328,132
68,661
33,216
4623,653
4933,414
5021,656
36,719
83,315
198,8
2710,148
2648,512
3243,925
3277,275
3240,397
2780,152
2988,872
2063,61
18,88
53,227
27,42
152,148
14,105
71,256
2230,665
2438,616
2301,828
2670,981
10,569
59,2
26,158
106,732
1167,575
1065,385
1525,750
1424,635
40,556
1451,986
14,944
263,324
205,574
308,114
920,837
880,953
28,883
48,641
236,186
252,362
12,276
206,266
607,346
614,220
19,782
15,260
901,522
685,350
1156,473
797,597
150,161
18,941
10,174
376,727
487,59
515,801
565,142
700,757
1380,553
1449,671
367,497
207,105
537,346
24,625
797,723
871,722
934,322
454,329
172,828
169,85
44,410
34,384
67,573
749,504
518,819
425,117
1283,355
623,541
1830,914
72,813
22,569
13,377
13,89
589,346
636,875
592,476
22,578
731,491
13,592
160,845
521,58
639,30
588,652
710,176
1446,891
88,87
29,474
131,935
207,439
10,618
27,601
10,173
13,55
19,195
16,506
1263,686
630,497
675,811
15,115
19,128
15,10
56,229
1935,732
1999,621
2011,404
3651,322
4061,297
5646,800
63,770
70,736
328,455
96,917
14,114
109,71
175,250
1372,900
1379,556
1319,392
115,738
25,974
477,273
29,716
703,420
637,539
722,268
1198,299
1093,573
7442,362
67,945
49,795
82,39
617,374
452,259
543,695
242,719
82,930
1915,16
70,359
25,6
172,147
11,730
23,326
710,853
683,221
784,149
968,745
1186,39
1136,801
61,347
133,650
253,189
12,292
295,202
709,883
612,878
684,144
1447,622
1492,736
463,963
461,147
396,92
13,4
416,324
301,807
733,452
1785,686
2095,567
954,189
81,151
286,966
521,106
602,887
603,365
569,136
1068,254
1063,423
99,848
588,981
16,401
1343,424
27,583
82,301
14,638
18,675
25,905
790,444
4306,565
4461,970
152,120
24,134
11,573
2277,312
2380,499
2372,959
2819,311
3227,504
3192,599
3407,649
39,220
14,76
10,192
32,788
1830,920
1459,492
2315,959
11,711
2360,782
12,520
18,606
43,806
13,852
604,172
497,301
594,940
820,183
47,505
15,630
18,568
29,755
159,570
92,398
1115,164
1183,666
1282,245
1551,439
1672,225
1876,700
706,639
77,763
184,244
46,535
275,907
1638,301
1276,218
1374,494
2223,760
3085,950
1866,466
35,761
36,227
53,132
1421,359
1332,293
2169,976
2339,700
2849,506
3019,433
186,428
267,916
38,603
663,414
548,383
759,593
9618,378
1128,280
1687,640
1656,386
25,636
32,549
106,144
621,528
308,485
151,182
391,349
358,150
76,970
46,84
12,221
1469,186
9709,884
10504,920
93,148
216,264
192,764
194,721
203,72
365,171
417,772
479,799
621,689
1110,753
1662,460
1953,496
1760,834
6283,899
82,642
29,305
278,804
280,760
64,89
5894,880
5610,338
6340,566
5692,627
6350,610
84,505
148,163
20,61
25,539
5373,976
5846,686
5835,356
5969,457
6045,774
5423,376
79,526
157,548
7,107
109,34
4063,943
4199,845
4223,678
4187,339
4445,232
5028,749
11,106
31,80
80,675
22,2
52,871
9,154
3658,321
3874,717
3770,271
3962,990
12,41
118,762
42,736
399,307
792,488
947,613
901,750
1583,157
1546,140
4372,666
52,175
29,659
13,678
18,891
671,122
797,346
330,183
4631,969
5019,725
4942,989
83,416
60,558
18,47
309,469
9,517
73,59
555,429
3718,546
3993,697
3778,805
19,148
238,252
140,161
372,665
371,729
421,24
1008,401
489,611
2380,257
3222,620
166,611
175,137
15,700
317,309
252,69
462,843
777,515
1062,488
1225,954
3264,911
30,931
54,369
87,812
347,286
413,42
596,110
12,720
551,55
46,53
1347,633
72,880
17,379
15,201
32,640
50,634
67,694
78,333
70,248
639,446
95,369
24,755
28,730
16,151
20,498
492,817
11,504
40,232
809,101
1470,679
559,344
31,617
124,777
52,446
12,611
876,154
910,424
1005,948
1562,890
1551,822
6676,777
29,733
37,511
13,273
56,697
457,720
53,498
384,120
853,712
770,371
824,533
48,879
12,69
22,484
60,506
105,37
742,912
1454,184
1709,872
1796,603
688,972
18,660
186,279
34,803
99,718
1575,992
1309,575
2186,968
2180,938
3867,835
1574,916
106,150
16,998
13,396
13,9
347,120
492,939
636,411
445,843
4045,508
4326,780
32,802
27,600
19,80
35,816
13,253
16,268
3767,899
4809,789
5283,687
3996,818
101,919
11,229
365,25
834,453
799,259
5458,984
5197,550
6600,308
6271,791
16,163
9,243
26,883
7,980
6201,871
6155,469
5548,535
6084,444
6347,300
7654,949
22,362
25,40
6,400
5670,136
5897,282
5812,367
6138,405
6022,950
6305,140
6866,398
80,186
13,22
38,566
11,26
306,291
24,773
108,269
8,298
6975,863
7014,940
22,10
84,22
20,892
38,565
114,62
7695,909
7621,306
7739,496
7481,61
8390,950
22,667
142,466
37,368
429,680
11,902
43,120
8732,380
9049,137
9078,773
8806,236
36,480
182,192
26,207
18,583
12,787
370,299
484,697
758,306
633,267
387,860
176,754
25,4
569,589
878,608
1693,590
1909,674
77,286
613,948
241,926
10508,958
1023,694
1150,202
1553,726
1953,696
2009,612
13,200
11065,634
10909,650
1615,193
1788,196
2283,419
2409,238
2349,504
2830,816
3808,999
1745,22
7,3
54,719
1234,968
1304,572
1316,757
1371,698
2283,191
2520,738
2660,842
2579,720
14,334
89,13
35,27
1158,637
1297,779
1276,110
1366,437
1265,555
1327,774
1871,673
41,829
162,132
16,136
1780,454
1746,499
1723,755
2351,220
3241,306
3255,711
3593,625
71,78
25,169
92,214
1789,966
1735,929
2360,565
2402,434
2295,680
2829,314
105,236
72,475
1691,851
1589,556
1822,630
2514,642
2660,854
3036,775
3090,241
14406,990
28,661
67,198
4432,569
4864,650
5355,983
5465,506
4424,673
6402,523
6386,431
46,117
49,9
699,269
778,602
1337,776
1736,273
2207,951
16722,979
2691,778
617,791
22,893
26,827
110,913
682,226
953,202
831,570
1133,962
1012,443
1031,152
9902,829
319,910
211,701
1563,269
1250,474
988,246
1663,327
1670,343
2123,690
2247,659
10113,800
16,509
80,478
33,948
13,115
643,648
466,328
8664,878
8753,887
9327,954
9487,950
151,75
492,225
196,622
318,365
18,878
200,7
9918,978
10219,395
10216,552
10176,740
84,717
25,403
338,10
14,635
25,329
290,320
272,165
269,213
372,129
8671,802
59,620
86,80
219,949
12,861
402,285
644,90
731,734
725,397
1013,931
894,403
15,783
13,179
25,164
50,280
194,466
41,344
3839,275
3891,967
3857,390
4075,381
258,43
362,891
26,200
1332,943
1201,469
1019,146
1604,874
1769,466
1864,791
51,347
71,72
68,93
2041,556
11949,888
2585,545
2677,867
3589,847
2976,309
4177,567
18,196
19,21
103,118
3496,535
3571,421
3614,655
4301,678
4683,422
4809,593
5062,748
8,895
36,847
14,872
12,957
1156,678
1420,786
2123,662
1720,213
2433,559
8271,996
65,543
17,2
16,715
60,289
12,951
619,584
564,134
474,386
607,340
38,181
42,266
39,886
25,697
841,849
892,648
1159,920
1023,251
30,318
7965,914
7970,986
28,666
164,889
10,52
449,702
20,7
10,462
538,329
518,465
639,276
4099,834
115,610
46,816
272,63
549,961
22,664
18,109
1005,537
1476,751
2845,976
3209,692
41,799
28,949
849,260
648,993
1572,286
1792,975
34,106
799,192
1149,374
433,876
28,925
22,91
71,116
15,781
10,272
19,340
569,661
513,295
853,647
896,959
50,249
18,739
34,65
77,213
50,449
45,897
143,947
72,55
17,590
230,864
17,183
41,866
23,454
16,153
743,22
769,516
102,305
125,637
324,741
357,968
565,680
742,829
342,544
64,454
586,308
3396,987
2048,580
2301,220
19,523
1167,675
2396,704
44,798
7,223
22,975
22,15
390,285
501,387
18,595
69,950
20,161
64,924
36,409
16,654
129,494
59,284
685,467
758,228
1142,300
528,186
1762,624
1180,941
66,447
142,774
476,86
617,258
52,76
1962,941
1298,767
3638,664
2851,495
3586,657
132,638
224,700
14,455
758,548
786,539
1748,983
1084,260
1236,425
1779,672
2259,753
344,527
76,897
64,33
184,249
1382,691
1755,792
17,925
706,446
1939,856
740,246
54,860
23,587
146,204
288,768
359,611
744,604
662,876
783,194
74,910
13,810
15,332
482,639
17,2
49,96
100,905
15,105
11,28
281,569
16,906
327,898
10,4
17,106
128,80
53,735
253,373
375,936
682,161
815,106
494,647
1200,535
523,839
447,378
16,817
22,467
144,289
11,29
414,516
540,577
1609,665
1929,877
15,789
2155,404
95,147
20,866
31,458
240,546
675,262
13,15
822,754
756,678
1465,782
1373,348
68,747
14,39
18,606
43,988
46,298
12,102
735,964
784,396
1103,765
8,68
114,720
1855,697
2336,772
1443,346
1207,988
716,25
533,530
25,992
39,458
17,321
24,595
11,326
15,196
202,310
803,227
916,344
734,227
38,461
104,663
60,618
14,68
90,79
12,702
13,569
219,587
25,68
1293,584
1599,385
101,164
23,74
125,434
12,377
125,752
245,107
861,146
1124,647
1279,470
829,16
66,265
104,461
139,657
53,643
10,432
86,461
325,543
13,608
34,384
30,530
207,218
318,904
268,229
97,684
100,688
333,28
471,54
1544,420
73,449
359,18
866,614
84,784
27,8
208,451
13,249
25,415
262,290
272,792
16,148
55,19
44,870
150,36
222,23
13,95
14,192
110,533
589,335
649,26
2018,461
2105,44
288,101
401,669
16,160
28,237
120,866
13,385
505,379
527,271
529,921
301,562
1399,863
551,415
15,300
27,508
34,973
530,462
452,210
125,81
402,943
11,436
388,586
474,11
83,850
19,19
19,428
11,295
251,364
14,330
967,435
1114,769
2641,759
2862,709
52,919
12,3
6708,664
6811,375
7488,845
7446,514
7790,982
7764,598
6731,304
6668,556
20,126
14,115
28,5
4603,412
4401,868
4703,444
5433,970
5467,275
5959,515
6064,308
25,296
62,809
67,198
12,593
8381,881
8393,90
8361,818
8735,215
8798,570
8821,844
33,580
13,733
37,253
619,887
10891,409
10953,329
11365,905
11065,907
11722,911
4005,75
5100,875
15513,996
15566,844
3433,374
23926,679
4572,635
4531,278
5124,327
5077,693
63,3
16036,512
4585,150
4455,186
16045,569
4552,556
5482,242
5151,711
35,269
72,40
174,180
220,85
12,47
13509,723
3724,155
13332,798
4548,447
4596,368
53,999
19,209
238,87
14,32
16,230
4044,590
4290,455
4187,616
4774,875
4718,514
41,470
105,239
77,129
301,59
47,491
5402,948
5310,739
6201,807
6137,566
5541,481
57,817
5114,848
5144,460
5547,343
6082,462
5879,506
6075,940
5150,429
62,211
4713,141
4879,116
5606,567
5791,983
5718,682
13029,866
13015,819
4893,870
13,237
66,229
12554,656
4126,138
4219,27
4100,131
4856,772
4699,704
5400,466
5386,980
3554,277
3628,247
3705,134
4574,500
4899,578
4231,947
3598,383
3702,340
268,408
11,212
12888,666
1612,658
1002,552
1954,481
1524,886
12374,836
763,314
1456,261
3083,785
3490,578
3606,743
3813,548
3867,393
3046,438
2968,572
9670,814
73,441
374,493
15,717
11035,400
497,832
49,295
64,17
9,519
114,345
51,316
113,127
2687,717
2715,928
2984,215
3318,877
3957,453
3711,643
3270,652
3347,195
3747,770
22,253
171,445
4421,864
4407,114
4720,309
4782,366
4876,199
5395,900
5394,798
5410,968
18,124
23,98
4379,434
4297,432
4404,344
4378,523
4990,374
5079,295
5126,811
22,146
16,16
12614,675
3515,336
3691,193
4909,631
3695,342
3945,52
5567,920
6160,917
40,523
137,181
3186,347
3065,400
2988,961
3744,811
4173,748
3949,454
4351,767
47,954
36,152
41,130
137,421
2326,801
2287,290
3035,676
3117,373
2908,780
3496,878
350,527
11,889
121,20
13,146
10,857
851,490
836,612
1672,213
1574,951
948,912
135,481
30,408
88,133
12,724
688,240
635,640
813,623
632,666
1626,308
1775,857
22,216
386,912
17,793
210,333
52,418
274,46
57,363
180,191
377,529
14,718
74,507
11,382
208,412
237,374
24,646
16,857
24,669
233,596
66,271
605,565
126,636
41,764
11,56
527,323
641,719
738,476
1158,836
805,814
199,407
237,840
37,954
11,560
30,936
16,862
25,594
57,973
765,426
814,590
83,30
810,381
25,918
72,321
3151,696
3074,506
3194,695
3732,861
3685,747
4441,531
4706,727
4544,387
27,111
84,989
44,2
3815,748
3722,594
3838,184
3831,20
4514,900
4567,287
4700,845
63,119
13,96
4125,730
4166,367
4256,646
4318,550
4385,593
5055,682
4043,800
5010,709
82,474
178,82
4554,447
4780,760
4847,287
5047,85
5174,303
5113,470
5113,256
5682,725
27,614
12,106
9,16
4266,312
4383,631
4374,416
5309,572
5357,811
5315,242
4384,517
24,503
13,121
29,73
6063,807
6046,670
5881,366
6656,788
6586,480
6549,248
7022,974
25,197
13,492
16,222
10,325
2996,940
2978,180
3322,838
3329,922
3751,952
3842,955
232,637
353,327
26,225
11,367
33,440
523,734
103,784
22,795
20,169
171,262
24,953
29,551
44,219
137,476
13,13
16,559
1026,206
1099,223
1105,664
1256,780
148,140
14,77
275,252
300,870
309,673
677,978
5055,521
5803,788
5671,922
4925,892
27,942
18,80
22,359
63,677
645,767
717,279
965,777
28381,845
28570,350
5617,546
28949,978
6518,466
6289,615
6998,715
107,3
52,307
13749,948
1138,190
1181,16
14214,781
1522,586
14507,925
2600,810
10731,999
1644,431
2234,849
2298,976
2661,631
2692,416
2773,495
36,132
9851,294
9781,529
1505,584
1503,71
9935,325
2233,206
2206,601
2253,711
2772,504
81,860
152,272
1162,486
1107,785
1270,373
1950,938
1989,871
2256,431
2379,975
473,584
114,7
10982,876
1005,680
1235,817
1456,39
1686,920
3067,893
8674,751
8944,866
11,541
11,158
11,272
10,512
12,548
17,391
820,995
1017,511
973,405
12,545
26,734
25,303
11,395
1124,781
9,665
9,12
505,818
1250,665
2179,953
13,932
21,87
11,414
73,66
78,942
493,170
604,537
644,226
1108,910
1328,920
73,702
118,907
19,78
261,616
681,452
715,813
362,499
742,205
1084,216
74,292
914,596
237,474
389,887
390,762
422,275
596,908
633,54
761,62
1011,818
1197,945
22,443
36,31
13,289
184,393
11,122
13,326
731,754
813,826
67,543
898,706
1106,779
18,709
25,531
1880,739
1924,618
2217,462
2499,906
2326,472
2282,263
1848,210
2137,131
171,0
132,754
80,50
3968,977
3981,257
3980,309
4338,946
4626,864
4996,585
5001,486
18,105
4688,303
4601,557
4841,748
4804,79
5140,756
5581,891
16,166
13,280
11,167
6674,224
7261,337
15177,984
7713,913
6556,259
14638,743
14581,666
49,22
24,708
144,9
14,249
8,211
29,6
8968,258
8966,429
9164,119
8585,106
8634,388
3389,261
11363,744
4827,416
5266,733
27,16
25,109
10,397
11,43
17,498
69,588
11,173
4088,708
4228,716
4160,653
105,319
198,626
376,870
595,985
6072,676
6531,588
6722,613
7000,758
7121,974
7109,553
21,12
110,61
22,54
6631,801
9,675
6343,531
6953,904
7791,673
7755,237
7829,702
8053,405
2637,909
66,141
22,275
27,19
2581,262
2553,707
11567,522
2543,521
3284,298
2690,167
2640,97
71,204
13,498
292,29
547,784
12,261
279,16
5439,834
5686,642
6121,753
5594,612
29,665
221,711
142,275
258,599
11,264
2918,796
2996,570
2623,219
2466,150
3772,633
88,187
19,440
18,455
25,117
443,768
478,626
883,916
952,215
1338,836
985,643
33,43
33,519
13,17
13,405
14,490
21,418
109,720
76,723
72,946
186,742
31,57
9,128
6,623
6,156
9,287
18,634
564,660
550,842
1429,966
449,396
17,828
16,632
34,367
1155,396
1201,301
1561,347
1293,953
103,237
9,39
8,233
45,769
97,597
12,149
11,9
733,907
781,290
920,3
9,703
50,945
58,35
18,945
9,119
11,167
16,797
11,81
16,540
845,963
39,76
795,116
165,109
84,383
22,332
11,111
505,762
596,211
541,556
361,501
504,359
187,820
18,790
24,301
9,199
167,260
401,469
330,322
593,940
832,58
951,781
15,460
342,826
18,952
15,366
53,78
496,923
81,34
13,799
929,364
934,931
880,152
1479,983
54,85
25,811
419,40
180,166
698,326
1273,742
1242,404
1865,159
770,885
300,546
801,449
525,937
1407,610
1445,330
11838,283
2296,968
2463,170
9,764
559,718
779,780
9084,717
407,356
2798,510
9840,784
11,725
158,634
10505,705
408,128
945,215
1782,661
12281,997
974,183
114,374
128,187
9348,709
9534,697
2798,530
2786,862
3348,675
3592,695
25,83
30,158
10877,970
1002,184
985,420
11457,600
11264,504
2210,533
2156,720
2264,771
38,649
111,291
91,131
416,283
523,492
820,237
1332,222
1495,809
937,326
984,124
298,344
491,194
53,824
547,693
20,550
3472,492
3880,244
1065,832
1295,792
1212,587
25,601
315,362
349,891
570,989
669,133
980,410
1450,560
1681,886
9361,844
9869,844
13,507
13,289
17,161
57,378
6,640
45,496
6645,502
6969,489
7263,715
7259,592
17,532
22,476
30,426
190,104
8,105
338,260
6815,416
6583,743
6159,419
6825,746
22,128
18,895
11,438
84,408
420,957
238,288
608,371
593,820
6732,963
6653,565
73,676
14,823
18,76
24,623
653,982
771,560
1383,690
1483,532
7451,935
8148,981
20,235
22,3
23,637
13,536
6650,788
6868,860
6614,793
6945,476
6229,933
6238,423
28,511
16,156
11380,637
11527,706
11509,583
11585,138
12093,466
13286,929
13361,906
13281,954
7081,625
16,421
20,39
279,301
1208,452
860,707
1617,511
1588,877
996,738
1832,595
25334,861
25,327
73,112
8303,938
9423,782
8526,906
9258,409
10188,820
10171,932
10383,655
22,25
48,234
182,38
244,326
42,260
8745,957
8837,457
8749,627
8981,342
7448,74
55,30
54,952
342,901
337,812
663,87
661,478
802,114
8747,236
9145,976
9684,882
24,287
57,835
139,104
5733,371
5699,927
6251,553
6356,307
6442,392
6816,581
6947,838
34,775
62,500
97,534
5738,918
5748,603
6415,703
6448,663
6477,982
6773,389
6927,345
24,376
288,1
6657,177
6763,768
6841,913
6398,106
7353,985
7535,354
7380,393
7567,326
55,130
171,116
4481,587
4681,969
4438,318
4611,664
5198,894
5523,964
5899,748
5926,951
63,255
7012,301
6947,834
6898,53
6921,155
7777,252
7813,228
7790,225
8116,264
8345,599
25,14
24,870
51,75
4200,469
4393,380
4244,273
4879,494
5078,907
4963,371
4292,385
218,19
155,344
166,581
252,728
278,291
45,493
3631,827
3684,639
3427,167
3529,717
44,797
97,403
76,704
4042,763
4228,958
5330,384
5158,800
2777,125
27,54
20,160
7,55
2130,446
2022,358
2311,531
2989,894
13802,764
2293,675
16,114
17,85
927,746
22852,781
59,284
672,49
1570,941
16,691
13,256
23,768
18,306
9,821
19,989
36,367
313,635
19,191
12,113
414,346
729,735
14,371
36,540
94,115
34,265
16,513
691,41
19,572
625,697
624,420
734,52
705,52
8,851
13,178
3406,729
4025,5
1632,569
5014,629
5467,480
2461,763
6363,647
2318,913
126,47
11,476
329,938
425,66
436,46
781,200
843,909
892,318
29,192
365,522
18,83
42,465
50,559
78,495
654,699
1123,555
1275,808
607,144
539,405
19,732
59,601
48,653
232,50
381,370
417,698
366,767
223,224
530,265
16,323
13,480
26,440
242,71
93,174
69,381
24,971
15,256
613,871
558,860
962,883
970,762
9,732
163,458
91,486
20,138
15,106
37,327
737,418
685,815
780,76
1112,312
52,916
112,944
393,181
403,453
436,745
537,547
1049,911
1313,410
1320,648
1124,220
156,254
313,964
64,24
249,404
49,90
778,790
1585,883
1694,948
1843,815
1831,731
54,269
48,955
20,506
57,545
26,118
497,470
495,681
1186,899
1268,969
526,9
126,267
90,924
476,733
429,832
1226,834
894,956
1146,976
77,17
1526,904
859,665
132,198
67,878
29,221
26,49
14,403
477,719
369,521
893,523
697,522
18,893
17,638
98,620
11,567
541,980
21,227
765,994
946,278
712,4
33,453
607,131
37,169
15,146
138,196
8,738
435,984
11,81
450,202
1012,943
469,401
467,77
32,310
88,397
18,569
123,569
11,569
459,260
498,727
541,623
1260,949
111,259
132,78
260,525
220,423
188,219
343,64
402,258
636,118
788,836
799,323
572,281
132,610
137,719
322,130
439,684
631,353
751,348
701,373
1313,581
1645,283
285,777
116,941
659,985
932,731
1651,517
114,230
372,494
498,356
534,76
11,5
856,41
106,623
11,156
130,351
11,864
575,525
173,19
72,250
86,208
142,827
100,564
198,812
263,304
14,8
364,393
331,226
711,280
1011,765
1110,370
669,820
637,959
50,344
51,381
57,820
12,47
318,904
2913,354
1601,129
2713,397
1706,44
214,620
22,170
995,938
1893,648
1918,957
17,667
15,120
818,689
12,495
192,220
11,99
883,722
198,587
139,700
23,594
579,705
254,5
267,963
46,613
1315,933
212,818
16,954
18,104
107,150
248,608
18,266
243,559
153,229
67,100
180,379
63,897
65,465
546,173
57,310
939,543
1115,790
1727,216
3179,372
18,373
77,329
153,180
35,163
13,161
9,4
1042,800
966,554
26,551
88,19
16,835
80,290
40,696
162,208
362,539
368,145
331,16
566,598
955,810
58,719
429,527
1304,892
215,355
10,364
299,681
297,40
929,414
995,377
1650,498
57,557
676,711
1547,858
34,177
2590,949
13,388
74,950
61,502
126,226
2529,549
93,352
23,427
71,62
9,719
277,96
166,815
10,758
307,228
13,430
231,230
92,344
571,314
457,390
275,31
15,936
272,607
678,175
1523,451
1551,349
617,212
163,706
640,786
1723,963
44,115
37,435
283,998
56,416
1049,770
1117,932
1885,548
1799,391
1989,377
27,738
28,77
167,594
65,580
754,354
14,17
9,68
13,136
16,494
719,80
85,897
29,553
166,764
161,409
556,995
457,480
1827,566
2498,737
2203,816
16,367
52,79
30,271
36,606
23,702
100,487
63,484
85,214
11,496
68,772
1867,726
70,31
258,303
351,999
431,265
552,58
2847,881
2993,648
3970,646
4185,941
4686,675
1842,493
244,547
131,273
14,221
269,379
19,589
1346,841
2606,538
3108,724
2715,886
1206,682
373,79
326,792
217,509
1183,823
39,920
10,672
1653,760
1741,849
566,927
28,368
18,233
2578,828
30,128
25,213
11,14
12,351
3610,145
5156,637
80,168
925,962
77,216
13,587
88,653
170,39
419,906
563,7
364,726
530,784
1099,939
93,81
10,314
16,710
950,523
33,573
36,610
45,375
13,468
579,850
972,180
1091,966
25,338
141,260
9,375
430,445
52,688
378,730
637,376
456,242
989,734
21,102
21,249
10,140
30,900
61,154
39,442
125,175
10,231
1367,604
1300,593
74,471
28,919
33,944
12,813
8,476
696,776
216,664
620,572
706,833
796,540
445,186
29,643
15,464
37,359
34,941
121,183
429,249
289,496
79,889
153,496
24,737
126,255
112,830
14,645
10,935
185,902
710,750
851,715
324,331
518,853
306,553
267,652
27,38
13,8
22,627
141,788
1274,821
225,455
1360,871
27,969
233,538
13,948
83,443
98,221
288,893
271,191
41,22
1324,845
1292,763
1762,774
1707,594
2189,979
8,55
46,962
24,839
274,555
367,590
11,703
13,709
237,102
402,360
266,768
36,835
13,291
34,768
850,428
1641,985
837,965
214,459
17,541
431,16
1357,844
22,54
23,842
317,859
10,519
596,535
831,826
1974,846
6835,499
6758,813
7828,705
2319,820
2286,861
2585,688
2575,362
2642,347
2771,549
9475,896
346,290
10,253
15,136
695,398
1234,453
1565,745
932,487
15,55
225,167
9277,659
669,254
872,51
70,862
8738,614
2347,653
1593,772
6596,629
18,949
441,781
447,19
486,581
397,1
217,224
773,905
130,219
754,496
12,275
14,467
20,733
9,643
808,374
801,994
840,93
56,282
7961,661
5517,917
200,527
13,545
11,635
30,48
8,0
9,591
136,319
12,192
20,678
13,787
18,334
21,907
133,109
9,460
175,440
10,414
10,376
437,957
20,728
105,458
34,488
75,86
11,797
610,105
665,912
713,577
1218,854
1405,939
28,16
44,751
12,816
19,128
564,641
641,885
691,872
1099,883
269,533
6774,845
11,558
32,486
52,433
356,562
342,9
302,818
415,361
130,735
32,57
61,355
25,603
31,386
22,842
13,675
15,542
241,696
10,815
167,18
185,169
5011,999
45,214
39,910
10,738
9,683
14,693
728,582
768,973
4910,419
4826,583
4592,843
27,429
167,748
228,354
12,320
267,177
274,486
335,50
4927,875
4993,984
5070,879
82,499
53,161
26,249
180,393
119,325
202,48
15,197
3955,402
3901,400
3938,608
552,19
18,102
1020,659
11,328
19,59
112,290
157,127
57,672
1523,802
655,203
42,78
109,414
32,519
291,961
14,130
325,400
477,749
900,797
2123,850
1533,376
27,889
32,192
28,825
11,524
467,251
577,785
1297,113
735,76
12,769
116,877
45,833
268,967
505,970
405,437
530,203
470,189
1064,390
574,533
1365,416
15,8
161,754
18,209
48,849
429,198
508,683
430,214
552,54
522,240
1213,553
1163,515
10,266
20,289
10,94
477,749
20,102
37,66
11,414
29,333
425,45
31,958
96,462
31,71
128,743
583,993
600,810
27,68
1627,403
1899,412
1478,850
298,601
17,127
295,676
143,142
423,623
419,491
658,982
733,600
1453,900
1696,900
83,550
205,508
312,461
263,683
315,131
2342,854
2231,306
2602,853
3145,841
3620,749
43,252
15,91
2947,321
12470,851
2941,744
3852,839
3938,166
4043,479
4553,540
4717,496
128,355
13,87
3291,205
3035,651
3500,981
3340,57
4080,728
4327,999
3478,275
3453,295
233,190
13,112
30,159
23,279
4247,197
4442,628
4485,560
4206,549
4759,729
4246,198
53,313
9,570
80,216
25,191
322,631
196,67
4575,370
4655,761
4803,614
4781,811
48,240
405,39
295,148
85,509
331,489
10,895
6353,368
6478,630
6481,507
6663,670
29,947
133,801
212,164
238,526
10,45
6082,653
6385,364
6365,854
6738,552
6679,429
47,924
667,359
14,201
342,529
120,81
456,122
125,49
8222,190
8445,409
10459,844
9083,933
315,667
8230,737
530,96
97,164
50,556
67,115
1819,601
11234,981
1675,560
1794,360
1988,637
2534,616
2454,479
7,625
25,26
1704,463
1790,781
1850,257
1857,287
1894,413
1901,852
2272,847
2226,837
7,450
56,372
2067,243
2116,133
2154,693
2320,191
2194,66
2829,704
2606,674
3003,732
43,25
157,534
29,27
20,127
349,957
331,434
441,34
1971,330
1360,438
2787,944
18,249
96,971
81,632
401,120
388,153
598,664
541,253
1055,245
1263,800
1321,936
17,446
24,350
11,721
513,647
79,376
13,954
25,420
1153,988
966,852
13,60
9,898
45,115
42,861
11,248
459,969
552,128
626,652
679,631
694,498
380,450
9,637
79,934
9,66
74,317
434,400
650,909
569,92
504,235
1049,917
510,215
16,816
282,501
480,733
676,346
311,477
1183,226
178,205
377,525
600,263
524,462
26,491
140,585
345,505
327,842
420,277
315,40
714,734
651,854
1284,760
1158,716
22,700
70,465
23,848
361,762
391,362
910,771
960,329
1048,871
436,565
955,757
117,637
15,217
459,814
15,500
772,231
825,24
790,714
742,967
18,36
282,971
18,777
15,427
48,52
12,181
10,347
75,361
11,528
12,463
33,498
736,534
37,156
12,203
216,812
14,348
12,161
11,384
854,723
643,939
678,417
9,299
51,685
12,730
125,301
322,45
445,288
68,238
15,554
229,664
123,288
15,530
41,744
96,479
457,341
85,237
1220,956
1293,248
1737,838
29,328
869,537
411,884
29,349
6,213
17,9
10,544
6,811
406,941
7,702
956,574
27,629
269,489
30,837
70,663
13,534
587,937
457,897
1217,361
858,578
1122,159
1599,858
74,282
43,960
123,945
15,767
552,601
803,665
582,52
950,617
1741,729
1964,133
10005,383
118,51
111,393
14,289
10,435
13,536
429,543
59,398
643,898
742,312
8770,938
7,777
61,668
51,840
76,14
493,826
525,978
923,980
8852,824
9942,893
8777,637
160,571
162,304
8097,379
8111,908
7817,366
8062,8
8456,825
8411,816
8437,560
8424,886
51,50
10,136
10,44
28,98
209,92
8642,809
8299,392
8539,851
8725,598
8761,719
43,742
27,664
18,759
214,111
134,421
11,38
6209,712
6214,595
6247,329
6596,868
135,977
12,574
21,58
6435,396
6550,295
6516,91
6460,339
6559,250
6731,755
6854,424
23,264
40,696
67,811
4411,753
4486,159
4430,203
4875,867
4822,500
5220,352
5299,270
39,623
28,641
178,568
27,19
4189,838
4244,796
4317,938
4324,844
4428,221
4589,585
29,717
29,219
12,159
9,22
54,905
257,208
363,182
315,195
5463,884
5011,816
247,315
234,236
349,156
433,106
506,695
551,19
877,865
1777,174
941,462
953,387
51,739
13,147
28,928
542,89
14,200
533,927
695,338
297,754
91,79
122,501
31,479
18,216
49,889
595,616
906,94
803,763
1165,57
1558,446
1691,706
415,620
116,711
188,397
13,80
356,228
13,308
104,323
1168,748
807,107
721,626
1002,68
123,721
299,653
14,260
725,870
883,882
820,180
1810,520
1700,459
549,874
45,95
246,386
63,217
20,915
314,879
1197,613
1423,393
2466,998
1193,318
1232,490
45,504
141,425
39,516
306,66
390,128
16,724
958,671
332,60
821,211
809,758
913,225
71,588
8,769
15,937
48,5
11,132
724,166
459,727
838,633
638,572
103,964
36,101
135,812
325,77
237,256
75,702
368,721
338,591
412,988
585,531
13,587
9,59
16,415
18,33
42,597
589,823
924,806
986,709
1530,833
390,222
185,421
29,151
66,818
473,414
329,470
387,354
9,691
552,940
621,178
1624,872
13,194
15,286
9,519
40,795
36,116
22,495
84,368
14,131
110,707
601,319
959,515
50,197
74,244
8,956
265,360
9,83
499,469
533,500
304,225
509,25
85,874
21,400
29,886
12,582
573,555
526,656
621,346
643,246
1045,965
590,729
1481,853
14,635
18,180
8,499
10,274
480,53
25,651
661,138
14,879
13,652
10,303
22,207
180,768
80,428
765,972
846,611
1572,715
1383,276
1490,382
15,232
212,613
89,415
83,536
17,591
175,36
370,668
80,710
297,90
88,512
586,543
13,460
18,257
12,85
155,870
16,182
450,918
16,285
192,100
21,889
7272,809
7245,670
16,756
16,987
52,169
66,502
224,321
266,89
64,261
8597,790
8767,899
8050,499
15,379
150,289
16,131
139,200
13,796
14,544
13,801
260,77
17,829
417,107
648,192
1212,674
1111,221
9545,887
1609,487
18918,949
8637,751
17,202
143,426
210,84
265,456
236,590
285,500
446,678
18,437
488,602
271,149
168,199
96,201
31,688
670,615
698,673
634,320
1157,914
602,525
30,370
546,90
16,533
12,638
11,301
22,674
26,84
381,563
14,931
14,842
486,370
71,688
90,951
201,483
24,227
157,953
67,55
13,891
116,116
165,321
495,715
7854,997
498,30
233,962
22,558
606,75
712,252
14,340
647,501
22,373
183,167
22,308
11,926
29,199
15,480
12,244
20,682
411,272
18,784
11,813
334,225
15,80
36,486
15,836
77,228
19,387
14,261
651,45
661,492
9,583
524,588
11,469
18,876
7,689
134,155
52,374
10,191
34,650
769,974
803,571
1048,750
1008,974
13,293
19,586
16,158
15,630
22,141
564,777
11,401
9,459
597,841
8649,817
21,473
235,885
68,804
257,145
9,405
1117,866
1021,308
816,821
106,108
19,234
47,34
10579,754
9030,155
810,105
1147,116
1413,321
1353,46
1461,581
19,132
11,635
10,623
14,776
34,175
9,176
11,17
14,713
537,161
459,816
9,93
20,514
19,439
11,80
238,941
48,639
659,412
285,223
340,59
22,735
13,893
773,752
562,412
121,957
11,760
14,683
56,93
24,717
52,576
20,762
26,486
102,700
24,559
13,520
12,69
15,389
782,369
920,493
14,396
52,482
330,138
11,261
25,311
12,532
63,807
422,115
644,605
859,778
894,284
839,753
18,189
65,358
113,36
8,307
23,362
505,565
461,814
457,484
540,140
531,108
11,799
34,978
447,171
10,415
20,315
12,14
813,204
1328,991
36,792
181,146
13,60
11,432
83,725
433,1
486,586
373,758
349,629
12,587
589,94
18,458
46,498
26,895
19,487
7,61
733,162
791,903
905,362
1241,912
7300,830
7433,567
18,614
237,899
15,778
509,961
1001,269
1235,449
9051,871
9047,630
9434,929
9467,904
9,694
16,603
18,149
15,21
13,89
7714,322
7795,889
7843,707
7882,801
8108,906
116,814
6,255
32,596
6457,591
6391,312
6566,136
6702,667
6599,312
7162,433
7132,730
151,136
18,217
281,310
37,359
282,64
346,943
7070,659
6885,972
7373,454
7611,522
23,99
32,418
70,132
8,627
241,19
245,333
17,912
19,78
218,148
300,90
8,13
19,572
15,787
27,516
16,898
690,782
563,430
631,437
550,68
5891,799
16,237
18,526
205,647
1054,714
651,807
14,167
46,229
6590,834
6674,370
6887,984
273,968
28,939
11,25
11,837
27,380
12,73
4937,676
5005,512
4995,148
5814,987
29,366
16,475
54,359
263,313
324,267
12,5
354,657
310,65
492,779
4585,997
32,930
18,391
16,977
503,782
532,936
530,450
658,698
27,91
5059,754
3613,713
31,639
86,435
118,296
15,165
9,263
375,72
275,29
303,834
446,766
798,756
72,178
11,940
101,635
264,28
398,624
442,372
852,930
786,826
1137,431
4569,769
11,791
29,96
10,305
18,519
47,292
309,81
71,652
9,84
748,290
910,846
48,719
220,565
65,104
131,883
25,460
504,22
523,372
552,807
748,621
1117,874
986,662
14,158
46,323
146,783
343,970
312,118
328,298
365,202
959,975
992,829
1288,756
1274,710
20,460
14,552
101,987
13,324
881,911
724,920
1355,37
1369,68
1083,379
33,728
18,255
69,553
98,96
13,21
322,502
250,272
49,245
748,870
817,996
1026,685
43,586
51,572
24,245
77,338
443,571
13,441
879,392
1194,812
1024,637
48,586
65,107
22,44
110,249
169,888
32,754
752,388
320,731
476,312
18,268
13,876
19,484
14,869
17,437
53,11
22,117
12,474
841,897
896,223
820,992
962,992
20,213
411,564
247,392
754,97
782,510
815,499
854,156
817,552
1015,423
1088,775
15,852
11,561
8,496
10,135
9,227
21,56
12,186
9,470
1064,730
1136,688
80,246
245,312
539,677
548,320
297,181
737,326
75,490
1454,511
1516,847
29,807
198,123
11,186
285,522
388,524
16,449
391,596
153,423
963,250
429,561
1460,774
23,51
143,883
22,534
477,663
49,324
285,149
886,736
894,352
991,217
523,941
35,889
11,911
51,89
714,375
9,614
12,709
14,449
1420,947
1324,686
63,210
7627,482
116,773
80,732
204,834
248,743
642,857
614,496
24,612
8102,906
8357,947
8311,926
25,21
16,731
12,703
17,294
328,771
86,170
197,463
33,107
8236,599
7437,447
141,88
9,699
449,228
13,777
24,838
235,230
20,319
15,13
132,700
11,599
68,283
84,384
326,801
142,740
52,415
478,90
313,801
137,129
41,777
21,449
40,370
172,504
422,502
480,386
559,284
612,697
1503,214
1370,387
1616,211
486,822
28,118
15,162
25,598
11,656
55,839
446,692
379,874
770,909
937,478
218,668
15,679
43,417
120,92
363,149
466,266
336,143
13,348
547,355
413,929
32,176
127,161
28,549
36,603
1282,563
1383,831
1417,416
1697,519
439,83
54,959
738,499
18,841
203,128
92,30
267,936
242,637
787,984
183,731
120,812
144,2
235,561
65,174
250,441
79,662
408,86
647,551
667,401
437,724
1268,626
375,920
12,26
56,962
179,696
340,249
727,22
740,77
619,428
716,730
267,319
979,739
1013,730
102,860
175,298
145,562
368,793
666,302
560,573
627,945
1152,694
1137,240
3533,688
54,541
61,898
22,97
9,222
250,210
445,321
506,382
485,284
738,542
619,580
231,497
955,891
731,20
32,590
1530,695
1503,965
1949,614
1917,614
866,225
292,489
91,351
51,841
218,134
9,369
9,984
14,102
650,898
768,725
834,36
542,69
31,963
19,118
28,478
9,549
608,584
566,745
782,157
725,462
1579,182
1634,854
18,246
10,823
11,86
14,84
126,972
8,430
719,40
11,146
735,256
809,614
134,690
258,945
580,226
667,508
1000,839
1403,965
1359,441
461,148
616,621
22,383
34,605
22,798
11,334
27,223
542,847
627,531
685,30
333,193
1362,576
1387,667
30,281
76,354
15,271
409,432
23,647
331,60
8,128
57,577
1197,201
1225,395
1347,910
22,626
19,755
14,721
21,680
21,799
13,259
740,809
526,519
11,702
29,245
14,645
127,500
27,329
495,607
1309,431
1514,360
1769,763
1808,987
13,924
1036,364
14,609
13,364
10,119
21,227
12,17
10,615
13,702
20,233
73,916
13,967
30,829
9,10
43,895
10,392
746,253
13,839
39,456
227,279
8610,605
649,699
8067,188
207,743
818,891
876,680
1440,723
968,320
7753,704
7970,694
77,295
305,105
26,885
15,1
12,254
23,799
17,329
236,42
8629,749
8514,484
16,566
21,601
20,10
11,494
14,138
229,86
153,509
476,304
402,712
14,175
77,835
22,795
11,699
12,36
12,565
11,1
42,69
1195,806
1044,853
9,562
10,378
66,119
12,444
19,848
52,136
257,553
61,866
1210,917
1452,280
413,262
69,839
420,981
62,37
1964,180
1610,868
1986,756
52,197
2090,172
85,490
1414,371
25,683
23,203
73,276
320,375
301,511
218,469
228,583
299,15
384,362
396,581
198,422
12,604
11,552
181,366
350,450
391,724
349,972
527,574
247,898
16,492
6,127
43,623
725,988
1469,680
1521,855
1826,708
681,646
1827,670
27,817
10,918
22,886
13,542
1185,870
1414,392
1867,347
1991,799
2263,867
133,707
30,690
449,12
381,763
560,636
506,567
19,691
73,219
168,16
9,690
138,928
45,447
207,484
103,128
14,46
500,652
469,837
354,881
2652,474
6339,963
7838,971
43,157
51,75
132,206
195,310
302,958
243,183
653,861
484,266
493,909
991,862
64,729
150,13
13,538
56,574
403,185
491,730
458,929
548,80
1389,991
1618,810
18,792
113,375
14,533
13,6
445,575
504,493
561,720
941,779
459,75
8887,631
20,696
160,145
38,886
164,447
262,146
25,251
212,902
11,405
6476,500
6064,650
323,716
141,774
36,26
338,8
271,865
560,630
807,839
585,287
6070,529
5990,565
88,133
250,515
16,649
88,468
532,291
698,929
871,220
1054,914
49,414
6431,627
26,683
107,182
18,77
13,407
9,572
10,173
326,861
31,833
408,103
312,474
41,797
74,88
106,119
13,15
12,134
654,353
761,479
751,283
1223,834
13,517
131,239
66,768
455,548
857,803
420,297
82,827
24,893
68,942
405,487
52,221
21,438
507,54
152,130
482,900
60,111
971,768
1314,351
898,229
14,762
46,734
7,418
27,632
10,55
889,700
1113,917
1604,683
1426,475
13,591
1400,644
247,279
98,577
201,147
81,200
377,860
482,428
439,418
1165,929
1233,681
900,340
17,737
90,237
11,798
371,214
71,681
454,548
505,916
1121,436
1048,624
1057,495
11,373
29,474
134,302
416,635
89,87
683,138
1045,951
1048,22
144,379
383,361
32,311
16,977
25,501
499,425
413,456
382,585
597,422
551,79
1067,587
265,248
43,218
29,895
16,198
7,179
494,432
541,914
932,995
1133,625
1373,530
429,240
84,566
205,719
13,414
54,357
505,541
499,612
1029,717
726,747
242,847
173,148
90,477
522,851
495,326
15,199
32,599
527,21
454,93
790,771
1064,915
16,679
51,128
103,269
31,514
580,497
605,173
539,241
565,150
697,577
780,581
29,406
8,539
18,222
15,376
12,724
27,341
25,765
1323,922
621,624
15,225
14,516
56,933
81,751
487,722
617,810
610,969
1056,349
1152,685
955,739
69,463
65,96
29,41
23,83
24,890
99,788
1158,626
939,701
1355,124
1764,855
1754,856
57,664
82,460
38,75
14,93
134,503
21,797
52,162
70,721
15,368
11,670
25,522
20,377
45,332
73,397
13,908
47,97
66,184
116,110
1712,356
14,138
95,74
11,326
12,730
14,878
9,310
22,131
10,590
32,452
535,317
239,93
296,975
91,807
25,211
43,371
31,286
842,355
658,936
720,393
414,812
15,122
925,108
58,863
154,245
15,259
247,415
13,23
443,862
641,983
1265,767
1290,340
1355,420
9,63
31,544
9,364
34,79
79,208
14,974
8,148
31,800
140,164
1431,740
29,770
112,51
8,575
20,603
18,644
907,914
759,773
1458,861
1689,868
114,107
45,100
82,538
9,873
22,651
259,52
102,453
649,808
714,959
792,87
1314,732
100,434
115,593
91,89
192,573
66,773
82,435
15,474
71,378
117,250
332,590
358,770
216,264
100,923
474,668
578,40
689,287
15,926
191,430
27,25
54,395
34,470
10,305
452,244
315,255
129,427
59,712
119,747
121,334
309,744
555,791
46,758
118,835
697,341
1497,353
1876,551
1718,983
2341,923
3130,703
10972,833
74,798
613,238
13,525
27,208
105,618
1023,675
1184,386
1119,860
11,390
106,585
72,779
59,872
25,985
16,631
688,396
690,876
1420,733
1869,923
1372,749
1658,722
14,176
35,390
394,372
370,872
286,484
338,495
379,778
333,637
21,944
509,958
50,960
62,826
420,409
475,235
539,59
1154,795
1115,741
1424,734
1701,321
420,898
130,100
15,301
269,95
331,946
1528,626
1232,987
1152,816
2002,852
1963,798
121,533
58,620
16,502
13,707
733,285
730,806
565,132
807,47
1799,908
201,307
162,655
107,607
43,295
10,228
621,322
728,14
604,638
664,957
1096,337
1163,202
56,604
30,463
32,646
214,122
8,249
29,39
14,347
343,764
22,410
261,716
57,568
197,719
355,883
705,219
1296,613
1349,199
1669,353
1724,889
1835,279
745,571
1193,373
128,388
32,492
5,689
468,480
11,504
487,842
6,45
545,994
17,498
22,91
45,670
31,519
12,292
10,495
12,461
607,476
588,560
16,916
12,769
644,56
16,685
33,916
10,480
14,584
19,421
29,691
54,293
86,362
624,793
8,399
11,956
17,229
20,396
33,140
370,720
450,600
11,763
913,880
187,335
452,149
35,590
24,718
81,361
78,256
804,334
1078,429
1322,332
1574,541
625,826
903,346
29,65
13,733
44,441
82,250
127,733
44,537
39,21
16,218
14,540
165,332
37,112
12,700
12,837
12,103
137,89
18,907
865,704
1130,772
1241,495
1469,477
9,940
102,401
155,21
13,811
624,418
595,494
13,347
691,737
1032,598
15,606
203,168
640,468
1003,461
982,907
205,332
577,814
26,302
194,374
143,602
1607,790
35,52
80,858
308,502
591,520
714,642
671,46
1880,924
2261,962
78,183
1579,153
109,665
137,904
14,33
896,504
1393,592
1391,343
1357,701
689,247
842,571
816,321
73,518
14,652
304,273
11,20
389,404
132,170
331,827
628,959
11,112
16,76
22,778
31,286
50,869
24,295
13,47
39,691
896,238
746,161
761,657
1224,42
29,494
15,676
33,459
10,669
7,509
457,909
9,637
719,603
660,289
3231,401
33,486
45,576
219,390
378,937
409,248
10,85
453,101
746,837
52,48
188,463
385,467
225,578
12,631
1176,209
16,196
1226,303
1179,17
1849,630
1787,732
63,440
6,565
20,944
55,76
53,796
6,95
775,487
946,547
892,91
951,593
21,911
20,510
112,961
13,226
253,973
189,789
10,896
13,69
57,725
6768,875
22,651
13,88
125,328
525,949
848,892
6911,710
6333,376
7254,815
6997,675
7062,395
9,26
112,670
22,480
6228,763
6475,929
6793,313
6835,925
6755,324
7182,744
7503,670
24,196
14,257
320,443
155,45
3643,468
3621,538
4049,850
4218,822
4343,591
20,226
65,142
167,248
52,33
12607,780
2460,357
2806,333
2850,990
3231,460
2748,889
27,683
32,620
18,27
60,681
12,943
11,172
30,849
9,208
16,635
625,606
57,115
35,110
64,742
1393,989
1008,346
1664,871
1929,960
14,327
11,157
91,454
117,160
194,688
469,803
462,107
411,989
1168,924
1327,258
274,864
884,936
6868,805
27,955
23,366
16,464
195,127
50,729
395,660
39,125
424,739
1073,265
937,569
7,907
30,417
7,152
16,200
26,201
66,998
750,172
828,838
1045,654
802,100
32,417
32,248
47,365
6,405
13,41
73,355
748,167
607,546
572,244
12,7
125,205
18,231
362,261
386,146
1723,878
1082,267
2008,731
1179,4
242,965
412,473
62,456
130,182
48,130
11,331
457,590
457,927
505,382
1280,952
1267,509
1748,756
94,419
9,24
134,183
12,239
11,830
906,483
951,344
20,548
12,574
585,465
33,87
16,90
53,655
15,778
111,279
9,45
15,680
22,568
687,403
361,671
13,779
32,886
25,146
71,415
128,93
18,58
78,391
90,895
131,205
285,586
468,608
98,942
719,969
676,123
1055,255
770,713
1225,848
274,30
378,529
39,243
38,727
8,450
330,406
19,297
30,585
528,61
15,442
185,802
117,517
79,404
244,345
15,245
20,185
222,91
174,36
206,295
21,385
146,421
31,955
1204,121
243,22
262,426
61,712
21,201
939,308
471,708
305,458
29,653
921,796
280,962
20,97
68,640
25,885
480,303
445,956
510,295
582,29
1302,801
16,888
1256,481
32,271
166,684
419,76
32,241
379,259
15,734
543,59
678,427
1570,326
88,319
14,466
98,540
199,417
12,473
365,667
571,463
609,606
1477,626
1647,761
67,707
22,132
14,555
13,699
9,181
419,673
41,32
529,568
672,781
665,241
15,707
13,480
15,96
30,218
45,281
12,497
27,718
14,184
1154,652
914,771
804,120
129,790
48,957
11,194
32,808
769,438
816,578
772,250
1209,981
1301,561
1583,693
30,475
242,108
13,9
536,661
611,29
684,91
740,196
1209,798
1469,526
661,562
122,805
43,569
17,80
56,244
508,355
436,73
571,5
1044,821
1110,951
81,718
182,857
521,886
544,346
630,491
727,168
1344,670
1531,527
1468,568
1745,983
29,257
92,778
45,265
46,116
27,763
17,0
60,203
787,620
1362,848
858,82
1193,615
79,738
295,275
647,324
711,393
137,947
13,166
464,913
706,896
70,790
28,698
219,96
455,629
1126,817
1887,942
96,652
625,988
4408,819
4281,357
25,623
18,716
268,924
489,476
105,585
18,250
34,877
3915,736
3614,163
3644,156
123,241
308,23
659,717
65,835
399,195
16,538
61,545
696,691
429,33
26,565
29,565
216,916
54,479
459,767
350,582
181,455
450,112
87,85
3638,793
31,748
21,677
25,303
50,355
210,815
15,765
335,578
11,69
14,146
4916,622
127,822
58,229
517,230
570,132
633,228
994,590
950,905
1179,754
14,6
14,575
20,458
6,587
16,442
20,38
23,811
8,723
11,2
11,695
797,703
505,337
12,954
25,950
68,592
26,130
402,366
401,408
47,357
399,754
925,903
1055,492
25,389
16,394
27,20
17,84
8,306
952,391
458,554
497,585
10,370
12,773
28,346
16,274
26,950
42,259
380,759
184,587
13,511
457,236
375,205
9,737
37,342
108,311
251,267
224,733
605,766
566,361
70,175
89,803
79,30
77,77
47,188
16,872
22,678
50,38
566,770
609,807
511,396
10,678
48,106
127,77
16,666
80,177
28,232
304,886
814,647
948,388
288,10
368,991
376,713
397,584
21,10
23,773
11,582
8,111
12,846
58,785
769,754
25,764
12,366
1291,360
46,182
91,951
156,149
500,941
500,439
367,122
565,291
877,746
20,353
7196,926
91,548
58,3
358,135
13,563
440,399
799,11
606,300
2884,695
2352,670
8171,983
34,281
9,495
249,851
31,43
9,47
14,277
11,738
321,241
46,395
3467,981
29,300
15,202
17,176
24,142
200,249
15,762
217,92
11,124
275,568
52,147
118,445
207,981
107,160
660,344
13,346
1285,823
852,920
169,294
712,470
7631,551
11,247
25,610
26,293
41,591
59,576
148,399
88,583
396,683
66,808
13,51
34,132
1084,746
1128,87
1042,646
1167,173
1751,512
1760,537
1697,536
1716,695
2806,928
27,497
9,793
15,802
37,176
21,551
22,5
11,294
987,938
492,322
871,895
8,122
14,582
11,217
29,492
86,348
829,204
14,456
661,170
598,261
605,293
57,206
112,383
54,149
70,353
731,969
1638,559
1487,592
71,935
11,724
716,782
32,384
17,626
10,623
193,562
11,317
13,155
13,720
529,357
4178,311
3839,499
15,918
28,419
10,156
11,730
15,336
459,929
441,626
313,758
5131,910
5107,852
30,593
55,954
158,654
19,394
3627,873
3735,996
4237,575
4340,989
4083,389
4099,445
30,93
25,108
15,140
3618,414
3650,456
3588,753
3739,538
4406,753
3989,908
3646,227
52,581
75,231
7,125
23,188
3914,670
3942,855
4195,883
4166,900
4391,740
3497,891
13226,942
3781,953
3860,337
4555,289
92,302
10,377
13241,480
13360,882
13337,401
956,419
13994,273
14128,362
1710,613
9949,845
20,698
8,542
9,297
84,226
68,547
39,576
20,355
320,207
22,71
8776,737
14,634
19,678
9,954
13,642
11,678
69,498
293,521
329,58
11277,812
11222,835
88,867
27,386
351,729
11,637
270,219
36,505
7645,271
7582,931
7309,800
7820,939
15,174
170,271
103,776
35,55
7733,543
7791,484
8018,759
7703,437
8173,947
7838,294
17,58
11,181
6650,464
6626,927
6719,450
7150,312
7799,382
7901,877
7410,968
7452,334
16,78
5467,242
5542,281
5885,764
5901,562
6782,858
6822,923
18,205
18944,790
19140,853
9427,123
19695,932
10052,595
10692,744
10628,613
11262,719
20,30
21206,688
9335,220
9090,193
9079,697
9874,759
9972,421
2880,620
8791,388
8884,669
9142,105
145,39
60,160
28,470
2416,155
2409,304
2468,785
2507,834
2573,198
3003,605
3115,367
100,125
38,956
11,669
12,102
577,667
720,196
1028,153
5949,768
5858,931
5773,676
27,131
34,215
43,595
83,594
55,757
13,42
1170,845
1081,96
1562,644
129,335
195,146
1016,834
850,212
1196,794
1051,345
1182,820
1612,680
12170,937
43,7
3097,150
13623,760
3157,322
3142,207
3095,464
3906,461
4186,334
3711,945
3288,505
22,895
60,199
10,106
84,149
25,58
12283,840
4014,297
12588,517
13228,824
13252,709
13327,598
13581,525
5307,552
17,24
21462,791
11964,293
12019,453
12384,957
3987,554
12837,561
47,3
77,39
27,360
26,174
30755,648
31138,873
9374,371
31825,875
9855,223
32,317
46450,941
24564,762
16282,401
6412,318
6455,475
6490,672
17334,957
7294,824
17,148
14,1
21772,541
11978,687
12003,598
12340,522
12268,394
12303,58
5121,579
12841,515
5147,802
12423,457
9,322
25,793
30,465
29,43
17,131
7296,815
7338,868
7902,346
7911,292
8077,946
10,110
9,265
57,584
15,366
258,63
54,648
13330,532
13143,459
4644,227
5061,853
5163,526
5411,978
5803,577
13508,381
23173,698
23483,952
59,487
15,74
149,157
62,74
589,253
699,715
17,477
437,268
7346,649
6934,366
20,999
205,14
416,445
395,240
443,158
428,572
6921,632
6082,464
6863,513
204,285
207,258
158,99
9,490
143,93
254,485
496,806
393,749
6079,693
5887,193
83,203
8,161
202,209
9,494
10,547
16,256
562,533
750,128
14,316
130,2
27,284
13,360
191,890
16,482
16,116
18,188
125,889
14,879
14,322
44,176
205,510
107,523
180,540
19,597
225,970
19,396
27,212
560,191
269,472
188,646
9,699
28,19
209,91
28,671
2037,637
2366,969
3460,820
3891,962
3435,541
2473,425
54,570
37,750
151,272
2795,920
2886,387
2949,915
3144,396
3653,628
4439,656
27,74
3612,154
3636,320
14713,855
3575,328
3536,261
3771,138
4581,598
4329,400
4431,396
20,405
16,73
11,58
5598,564
5775,609
5868,342
6207,657
6153,480
6520,984
5850,218
16,81
36,361
15,290
31,979
15,144
90,20
8306,624
8265,734
9100,953
8897,861
23,635
16,760
83,374
183,32
11,127
7391,994
7475,459
7464,872
7780,995
7939,554
83,522
27,825
14,209
61,522
7064,849
7165,196
7533,346
8379,620
8558,772
8706,759
40,554
100,899
25,403
227,223
235,32
237,215
3691,617
3748,750
3704,230
3941,977
51,135
48,920
687,165
734,295
786,747
721,740
873,587
44,270
16,208
37,349
33,714
11,368
258,290
20,850
447,643
439,20
485,979
454,868
63,406
11,651
29,757
75,370
112,134
6,540
9,807
14,498
758,982
804,735
1145,286
926,139
102,504
8,54
10,463
23,595
388,450
532,380
875,468
701,945
827,974
476,55
37,970
165,32
121,520
264,288
695,799
628,665
702,230
1871,777
2166,720
20,67
180,801
354,305
278,5
382,126
328,297
222,650
1460,219
1259,891
16,684
409,199
192,125
18,444
389,296
741,596
912,529
1065,347
24,461
348,444
17,194
37,49
31,251
92,725
10,496
385,778
363,227
372,101
148,467
190,85
15,279
141,325
29,412
59,63
437,838
592,938
559,168
98,947
834,680
11,549
460,317
501,499
371,540
172,949
409,190
550,164
551,208
634,113
948,96
1471,413
1379,501
267,189
15,49
25,892
24,846
131,753
455,653
539,525
596,624
859,774
884,230
7648,275
18,881
13,768
305,473
323,391
303,507
475,662
26,225
8900,486
8774,851
8613,689
1704,742
1825,782
2673,899
2733,714
11,58
37,94
13832,429
2834,338
2931,83
3182,676
22433,954
3917,544
4186,359
4219,824
13,536
17,466
15,20
121,74
5333,889
5603,593
5670,991
5340,485
5358,514
5509,837
61,157
12,77
38,205
21,327
177,13
12,677
13,237
6049,600
4961,209
5131,727
18,669
32,362
62,442
178,559
342,4
5999,335
5772,472
5799,348
6587,480
6652,649
74,399
57,217
426,179
9,655
619,10
1891,107
1862,43
1654,703
1545,130
3940,352
27,437
212,331
16,984
492,855
565,94
608,963
770,112
788,542
7453,738
6018,298
27,289
77,268
20,561
34,42
327,527
49,98
561,945
377,850
619,573
16,434
19,552
27,91
153,506
475,692
416,828
496,184
1170,481
1284,514
1332,362
1492,665
41,30
32,812
14,175
18,836
12,279
808,58
877,837
1027,996
150,94
10,885
177,54
221,150
115,409
70,175
2982,705
3043,718
3043,311
3536,910
4297,708
2861,480
70,813
43,529
19,531
389,688
388,719
16,62
528,431
851,200
841,889
317,587
183,379
44,626
11,167
45,961
467,204
11,963
492,574
2358,617
2587,884
2469,659
15,454
25,89
29,294
50,670
494,388
79,560
566,800
84,149
15,994
2549,618
27,44
93,547
19,944
429,70
477,152
948,301
472,855
974,89
290,160
1161,467
111,626
24,94
68,611
54,195
62,407
554,790
594,103
601,7
605,257
724,23
15,986
249,103
165,381
11,359
920,195
524,923
1269,568
1177,948
1305,117
588,13
29,343
66,229
9,447
15,374
27,615
87,284
29,425
191,607
64,480
100,131
57,93
415,73
25,468
14,912
12,835
434,490
13,836
147,788
825,241
29,50
89,326
11,832
14,151
1191,190
1293,724
1120,294
1331,589
1352,294
11,776
15,318
8,51
22,947
18,910
11,334
12,449
9,746
774,361
975,660
1026,624
30,436
21,62
30,345
13,260
11,299
13,445
9,492
12,299
10,317
114,795
162,930
46,793
200,435
601,371
802,217
647,806
1302,493
1380,370
10,545
1755,148
19,176
100,569
46,40
153,949
625,551
575,341
683,279
708,653
779,539
749,172
28,245
29,131
11,315
667,169
775,707
23,225
760,236
61,185
452,865
623,612
38,899
13,317
63,259
765,100
713,928
1355,930
12,111
36,771
15,601
617,430
54,666
11,477
14,193
544,890
685,443
1104,872
1700,989
52,110
31,151
15,818
8,271
86,628
11,493
13,895
399,29
901,3
1047,148
1099,155
569,259
511,167
91,861
13,180
440,13
460,193
546,132
706,212
1017,395
10,854
381,569
416,913
163,816
47,476
382,564
483,90
824,981
1060,900
1496,711
13,60
1611,912
8808,992
9,882
70,621
339,644
14,337
470,464
34,656
20,708
14,305
20,856
8073,858
41,81
25,957
267,355
350,35
19,815
511,818
25,486
82,101
8650,915
8988,880
31,807
25,531
57,549
206,255
344,56
150,402
7041,838
7108,960
7215,851
7455,753
62,511
83,559
114,153
322,700
3571,168
3643,952
3591,680
3949,777
4159,775
3956,348
50,922
928,246
78,566
14,332
741,808
1403,640
12,643
2715,778
2007,815
3267,519
37,530
96,298
14,42
41,268
516,954
1186,952
569,698
32,518
573,668
4695,939
271,715
184,197
31,205
384,356
348,28
790,743
1198,765
1638,787
1673,535
145,439
29,222
26,730
13,419
7,402
53,646
296,260
476,180
441,264
476,718
490,189
217,775
409,214
165,211
337,292
472,73
1024,510
667,101
665,959
117,449
670,130
48,374
31,526
6,173
125,781
697,967
545,623
697,244
679,685
1065,432
1007,560
35,46
38,509
33,586
301,113
282,407
13,385
8,395
9,770
64,937
23,363
91,211
28,459
20,718
1055,535
870,51
56,562
8,104
7,100
39,595
651,36
32,708
13,1
40,992
22,448
42,370
27,484
1643,486
830,428
1019,686
1369,786
48,938
8,600
10,458
6,735
660,536
817,198
720,60
831,237
25,575
477,329
29,886
11,88
126,324
412,79
405,61
502,272
458,411
342,125
15,830
15,636
52,572
89,448
28,304
10,486
163,478
358,262
394,260
295,312
559,881
1215,965
30,210
27,46
14,201
13,951
242,998
11,275
576,376
637,709
811,405
4768,977
390,139
19,506
252,334
457,685
564,261
800,846
917,310
1500,583
1399,741
38,2
63,106
300,62
322,64
436,176
452,825
909,917
972,340
1156,746
387,559
94,88
163,790
27,198
20,273
9,675
537,992
900,973
970,585
8,248
272,821
29,349
19,627
32,339
57,227
519,379
444,537
540,281
608,2
20,836
818,999
63,63
64,664
220,686
33,468
435,63
425,249
1014,609
1092,710
1491,426
15,208
14,36
33,945
120,727
21,764
366,89
415,854
541,166
452,455
1065,991
16,923
77,443
143,265
123,63
21,757
6,283
486,877
518,984
560,50
1103,874
906,252
1110,814
319,118
116,415
46,519
86,655
12,844
647,926
790,252
1243,427
1265,749
1141,371
75,43
45,35
224,64
11,109
26,237
298,55
8355,397
8393,688
9093,883
9227,859
77,359
15,240
22,46
2005,577
1826,378
64,16
41825,242
32620,598
32809,94
23588,52
32948,331
44936,893
33547,891
43210,629
45759,637
43670,704
5,477
70,453
214,172
6,689
507,96
490,281
416,46
455,647
512,286
1115,957
34,389
163,929
665,261
645,287
843,122
781,748
1052,220
1238,595
1515,843
6658,521
35,138
52,260
48,422
12,134
123,996
644,253
1214,813
1289,518
665,373
497,478
57,948
12,752
74,345
575,937
15,279
632,405
365,993
25,48
36,34
148,579
161,213
15,496
15,601
489,70
436,884
1124,740
744,443
1187,497
11,889
40,150
122,487
35,901
381,6
57,992
1820,522
1867,515
2109,367
2271,426
2839,545
7272,893
17,857
13,648
6,71
6,62
363,982
579,721
404,331
8398,274
8851,783
8873,810
116,76
297,324
9,459
372,141
157,423
228,253
7601,759
7605,727
7225,667
7913,683
319,299
313,212
15,641
293,364
349,36
324,213
621,487
5824,659
5403,930
5707,707
22,314
45,724
15,3
284,267
322,649
556,848
9,611
4646,879
4764,939
5494,984
30,913
143,231
17,60
235,504
313,247
201,608
493,292
248,713
3078,609
3634,580
22,818
93,268
594,625
583,994
756,99
41,190
118,913
19,248
24,154
46,230
176,206
16,239
98,830
26,90
125,261
144,116
69,602
253,32
217,663
101,392
61,140
25,91
242,916
20,100
253,147
342,371
301,901
383,223
789,984
1234,943
132,37
17,210
70,361
39,19
419,670
50,546
481,129
16,146
2701,660
2638,562
43,557
85,660
227,43
253,665
297,372
16,138
267,338
423,601
3185,876
2912,799
29,765
207,882
9,102
42,225
2957,831
3444,611
3606,182
3541,516
3597,389
3860,725
55,104
9,607
302,512
11,776
302,398
31,289
3519,205
3051,927
3433,733
2666,826
240,118
147,659
26,664
467,162
591,426
408,642
883,346
813,681
749,624
1343,596
35,842
8,796
12,793
451,200
710,459
466,413
419,497
1326,710
1245,564
1433,85
24,623
176,13
82,597
309,108
430,508
413,103
407,978
1844,714
989,835
957,808
32,115
10,298
17,280
11,674
8,519
12,599
114,465
758,84
1098,170
12,329
84,709
91,418
221,569
315,856
333,227
469,563
484,214
518,692
832,893
1316,729
31,983
10,787
9,233
643,137
649,705
230,897
1181,664
449,693
61,612
2164,396
17,148
18,113
7,856
403,991
32,879
336,32
57,100
474,420
209,261
139,963
542,266
692,322
1422,919
109,568
12,412
409,736
212,680
216,402
270,183
311,811
102,405
27,163
9,952
698,805
751,653
827,468
1020,552
1364,493
1826,965
22,66
52,750
333,184
305,105
339,935
376,552
345,449
485,234
14,881
572,238
58,879
308,76
600,817
478,430
928,509
672,233
936,852
21,215
17,469
70,550
88,475
378,34
816,723
778,699
519,260
1276,745
1813,989
292,647
8,277
321,262
604,859
244,210
11,614
430,645
205,239
146,375
15,767
20,420
546,37
21,829
43,569
15,976
9,582
25,316
986,699
920,474
1298,954
1419,897
51,490
21,471
45,870
95,843
661,355
700,428
1012,767
959,505
566,823
7766,336
7872,998
80,907
43,12
48,732
466,258
268,128
431,699
425,632
6464,953
6556,495
7013,413
20,898
6,721
48,164
517,888
439,282
229,269
439,376
8509,992
7161,763
8324,656
145,376
173,886
73,353
4500,610
4647,460
5053,695
4732,524
6102,728
6773,523
5113,842
24,27
20,667
130,30
185,241
219,109
4184,580
4224,498
4197,332
4231,206
4593,751
20,71
95,35
27,58
112,117
41,393
107,90
5225,498
5533,655
5410,958
5208,482
140,536
9,34
28,344
14,138
297,456
6,461
492,537
255,521
50,290
7027,699
8,287
29,319
73,594
294,667
21,20
469,426
391,60
772,865
378,529
11,274
224,143
278,746
10,429
927,639
873,865
14,587
27,42
73,619
13,743
32,658
235,122
466,499
8539,419
518,226
837,625
885,146
1338,554
1895,791
176,53
65,359
14,57
102,344
9,214
15,466
373,100
1526,920
1869,162
1643,747
1642,820
14,543
76,375
113,704
500,133
539,144
535,818
898,882
1003,694
1578,767
12,234
32,964
370,99
100,986
211,302
269,213
854,179
798,422
10,76
20,154
193,729
104,412
1069,818
978,380
1405,783
59,532
31,761
123,262
85,131
8,346
21,84
8,324
7,377
33,814
9,307
162,48
1373,915
1487,703
1255,886
131,870
231,196
70,816
537,538
414,609
458,142
508,97
1292,415
1431,870
40,852
79,440
39,662
210,635
92,582
2018,893
2051,798
2688,734
2368,485
15,72
1901,258
76,804
70,206
79,374
1224,508
258,869
417,668
465,121
1042,824
599,230
835,718
75,952
157,148
11,562
491,516
73,596
42,760
432,548
638,406
825,768
13,887
65,968
420,596
22,510
12,565
13,507
190,545
500,537
11,522
6874,877
23,642
23,508
32,18
270,12
15,544
58,917
41,431
12,547
450,682
9919,229
1487,988
2228,480
2443,304
1321,276
1432,302
1602,96
11238,252
11419,549
11212,907
43,622
33,622
17,492
14,322
96,178
162,146
8131,888
8090,740
7587,946
8125,333
8018,411
51,280
9,60
23,441
25,844
5424,374
5316,478
5684,677
5733,561
6242,727
5391,869
32,430
84,817
22,615
2894,939
2993,971
3381,977
3387,221
4245,360
4366,656
4273,254
146,345
139,279
422,499
443,988
493,155
485,119
763,440
697,234
661,111
395,570
36,824
147,35
420,754
73,570
403,915
27,985
336,23
1593,806
1588,658
942,328
11,259
12,422
13,194
36,285
94,73
38,332
69,639
10,725
173,634
25,757
33,675
32,695
13,763
16,408
468,22
439,752
485,612
330,35
75,221
32,20
151,797
28,720
647,999
1154,315
1015,554
3065,322
2991,432
2503,543
2193,369
2251,968
6,66
28,185
157,142
8,692
6,423
56,73
514,786
965,951
1305,476
492,492
20,393
12,376
434,914
429,384
788,316
292,917
57,23
10,385
48,899
823,291
19,875
31,821
16,572
12,468
91,125
1511,747
1161,503
1164,831
7,114
9,836
11,37
9,103
40,460
496,882
518,440
208,167
45,855
574,372
28,524
16,346
12,430
1058,442
347,403
317,303
581,577
16,994
229,161
16,371
28,853
17,192
25,231
295,151
13,47
290,247
183,287
26,799
14,662
440,536
32,393
26,321
18,169
9,166
18,527
34,56
170,330
1686,991
1726,664
1639,704
63,707
32,580
21,669
283,801
258,69
21,253
253,139
19,2
169,486
1016,567
12,405
35,411
14,967
25,323
331,467
32,870
29,392
305,198
265,550
2279,971
81,792
139,527
325,135
18,448
325,610
448,979
122,139
99,917
788,439
137,352
119,513
192,972
13,890
114,71
765,756
700,830
1009,66
1917,364
2095,487
857,282
28,856
11,61
59,625
14,984
15,180
464,985
423,346
694,490
1211,692
635,661
29,437
159,540
65,845
9,286
7,387
96,440
867,810
791,644
1393,750
1320,39
155,546
31,518
13,312
503,139
470,17
270,830
13,395
267,466
269,631
236,597
306,125
57,71
14,832
11,95
482,548
1289,833
1226,888
2767,631
24,470
485,943
60,730
157,846
1067,620
1493,736
45,211
1562,939
488,118
499,825
449,768
1179,596
26,52
20,431
16,211
52,312
52,802
135,719
721,79
240,719
93,704
116,134
31,921
64,425
20,287
31,81
13,652
568,43
524,595
562,556
408,762
773,742
136,177
71,750
70,818
795,47
1067,26
1037,332
931,526
86,385
610,555
1278,568
123,472
64,774
31,523
10,583
828,548
843,394
944,738
20,954
30,10
306,483
25,988
13,644
21,378
509,661
384,908
429,254
836,721
858,318
155,822
32,972
135,302
317,379
349,401
335,535
341,110
504,759
636,837
1220,406
78,170
588,23
95,840
13,94
486,485
379,625
830,285
1244,770
1561,351
1469,606
15,978
76,725
494,432
166,805
382,407
293,60
699,52
38,84
667,438
43,586
44,831
116,575
24,942
27,93
53,17
12,201
605,980
13,501
510,514
582,94
15,323
9,557
30,808
22,459
100,921
9,153
360,804
349,517
383,611
1144,879
283,982
31,434
8,692
22,404
176,877
549,777
630,638
1200,59
962,301
1776,169
1688,964
1965,651
169,686
241,128
238,287
275,66
251,291
253,227
737,46
1017,615
1184,967
110,558
194,770
302,329
153,754
390,978
334,811
1199,568
1548,308
1356,511
1480,187
381,337
36,677
29,246
16,2
50,43
694,693
1007,852
1184,495
2367,832
2180,594
87,592
47,869
114,248
30,449
23,131
565,527
503,356
465,111
611,755
234,916
360,411
28,157
377,60
99,220
20,227
480,856
444,549
940,669
917,938
1294,575
384,115
194,395
42,457
118,923
455,458
725,304
698,352
12,632
250,265
73,546
85,769
58,282
81,704
65,638
13,935
51,116
713,24
861,879
1695,924
21,864
271,749
116,931
65,160
608,433
728,585
606,151
673,631
1342,140
1639,239
1508,373
27,678
8,293
42,442
25,807
17,457
501,770
70,396
22,81
609,533
1180,63
146,553
27,21
14,749
14,9
34,649
13,377
13,400
205,761
29,565
26,520
9,270
64,634
15,705
243,229
547,464
379,612
74,763
36,754
117,442
304,487
177,897
36,387
12,41
51,828
357,825
329,850
9,67
50,974
77,611
484,211
3210,709
47,259
7,8
8,862
451,932
521,921
13,378
11,465
795,845
1108,959
14,582
34,270
23,437
27,439
22,97
622,196
130,93
13,760
12,511
64,828
35,17
118,967
13,617
235,151
10,96
578,519
694,317
1049,787
1099,244
1669,932
1277,431
35,229
16,653
32,999
52,387
13,851
546,87
356,292
408,423
571,495
11,497
171,251
33,793
36,218
38,428
9,136
10,561
11,12
790,447
827,391
805,184
11,547
13,70
200,59
317,273
495,801
17,101
391,3
41,466
457,59
347,129
68,287
154,601
209,166
17,451
26,810
10,508
17,534
69,34
98,62
412,461
30,562
14,320
35,470
403,374
9,272
10,864
105,689
140,654
559,40
84,864
44,248
173,90
38,927
499,601
1047,705
1023,796
1186,809
1290,693
462,951
315,202
7,478
41,577
45,470
9,258
301,663
417,360
359,798
873,651
8023,726
5833,675
109,194
226,427
42,225
53,664
603,516
505,992
649,335
831,812
888,566
4196,424
79,247
72,702
16,441
16,427
50,6
683,148
807,712
665,270
658,72
655,187
30,911
41,595
52,225
491,413
614,489
52,707
506,485
616,32
960,606
26,308
34,147
124,7
20,274
22,572
9,154
500,214
442,744
598,633
659,59
1251,541
18,524
111,20
28,517
435,816
472,25
445,262
436,679
1100,504
1151,458
1142,672
27,561
42,116
116,497
9,199
485,935
707,539
763,406
1156,772
760,130
499,781
229,566
27,484
93,102
529,757
445,389
11,60
392,981
495,327
23,75
18,668
36,769
180,253
222,314
13,946
699,137
682,405
636,662
585,421
873,569
1036,433
153,841
387,592
64,103
464,979
327,93
814,682
1887,810
1608,836
1526,343
41,992
31,772
14,446
13,641
1681,435
18,959
1029,931
13,752
1248,731
1668,797
7,59
13,473
27,822
96,849
12,32
28,8
64,201
555,358
13,656
9,101
37,679
179,587
125,807
12,228
29,318
11,341
57,31
443,105
442,98
477,601
466,153
143,898
34,878
14,733
109,56
14,620
671,877
637,114
824,426
964,432
797,722
1513,923
58,395
27,17
25,107
105,16
15,579
58,645
16,227
594,54
31,818
744,97
194,939
20,220
29,349
1664,949
49,349
628,838
646,278
1110,217
23,894
23,120
1112,753
83,499
9,892
213,834
442,490
27,154
28,524
14,288
103,520
168,124
54,584
180,329
281,460
13,480
306,31
338,540
486,20
1155,741
1127,736
1579,900
1613,714
33,812
53,55
16,910
20,128
712,944
1540,240
1466,532
1376,952
1828,825
921,957
33,367
69,280
41,458
267,570
288,544
313,511
674,669
597,629
14,506
303,125
7,37
8,829
30,351
13,610
237,685
264,290
1548,764
35,490
1193,50
1060,333
43,896
123,291
19,669
16,831
300,770
695,105
728,70
702,114
27,30
15,73
10,761
48,914
70,705
360,471
375,352
741,367
394,199
1282,758
773,817
721,395
7,92
14,418
6,373
28,84
411,180
20,816
43,694
16,137
542,95
59,620
13,51
32,716
154,784
13,428
158,550
39,844
48,3
74,705
78,590
217,577
149,495
246,812
11,76
354,126
722,790
1088,737
1186,371
17,249
657,18
21,783
50,268
12,940
32,644
15,371
654,64
608,764
21,422
591,215
66,524
617,492
8,449
9,159
71,317
13,0
72,219
534,52
467,101
37,246
89,391
20,165
20,766
12,946
60,861
24,140
114,352
673,71
618,196
555,794
72,773
98,94
104,877
312,421
699,753
683,813
1049,830
1999,943
2490,678
3007,927
3944,675
31,37
32,437
111,289
106,816
637,77
20,617
11,688
619,144
624,554
675,86
80,554
10,238
18,261
32,738
112,795
25,349
59,438
11,634
45,115
135,621
1054,349
16,927
12,409
180,224
10,837
41,625
765,88
939,716
1475,534
1254,311
1574,308
32,144
95,614
11,133
14,233
19,776
772,651
995,230
1795,544
1949,692
1773,427
36,559
197,122
10,792
13,964
13,895
893,550
987,233
709,651
1634,746
20,719
14,727
26,151
38,609
9,222
11,224
9,564
10,568
789,881
821,356
361,20
10,802
46,566
400,389
79,295
351,327
45,573
64,142
386,580
165,90
29,95
181,655
422,897
267,135
548,57
521,134
678,93
1879,557
1846,784
1626,356
15,47
8,286
23,419
45,387
51,471
9,720
23,126
619,894
837,864
974,258
1336,986
21,639
73,991
75,210
21,495
727,400
961,678
1081,378
1177,465
1832,716
4891,469
29,624
13,102
67,338
393,77
433,319
530,828
533,44
579,114
1293,732
1235,603
16,414
28,582
32,247
51,665
457,693
505,925
330,193
916,981
1090,693
1257,428
165,250
187,111
551,442
633,824
689,234
16,912
76,1
240,256
36,72
15,124
72,293
52,603
24,577
868,730
16,227
22,220
11,551
278,922
66,113
66,509
171,769
39,577
177,49
315,144
366,81
599,309
1014,880
1632,636
75,845
1168,738
542,844
624,461
545,121
25,322
495,693
1143,374
1490,892
1125,719
62,94
64,444
217,891
46,420
17,184
144,10
176,172
208,283
393,173
369,138
27,748
11,256
57,201
9,797
45,789
113,512
984,830
1138,423
1554,980
1529,708
26,266
32,562
278,545
25,916
73,507
298,100
341,430
515,787
1056,816
893,801
31,949
12,13
16,69
141,462
16,509
19,115
37,295
12,650
1145,194
1166,443
52,828
32,671
8,563
11,837
1092,714
179,426
995,994
1167,711
1184,697
1287,518
16,444
507,535
18,189
608,92
18,838
193,251
211,436
600,50
59,587
707,933
9,104
180,214
29,985
16,572
14,335
361,414
21,208
629,423
55,936
239,541
112,320
55,762
10,879
470,821
453,258
801,577
844,882
788,297
1561,915
16,609
25,464
411,784
75,368
428,827
483,272
521,696
1227,221
1327,778
301,216
404,434
85,716
103,956
104,920
345,23
217,126
4184,937
4323,998
4597,966
4773,937
5067,662
30,211
452,701
417,643
77,755
2010,492
1370,440
1939,356
688,847
822,57
10542,921
9,307
38,221
15,550
242,432
573,925
597,732
180,12
11,146
5760,799
5807,140
150,739
23,263
324,926
220,217
230,562
3331,712
3538,635
4009,472
4052,785
3414,433
125,636
6,524
523,914
1439,972
1347,138
616,602
6,191
19,843
563,366
7309,890
16,111
132,420
238,845
1615,538
1199,775
350,284
1008,932
53,879
97,895
11,399
16,606
16,172
30,164
256,13
487,171
32,302
32,401
134,284
510,65
19,93
94,941
97,817
492,173
511,676
422,829
1045,547
103,958
16,810
63,170
149,7
77,403
145,512
13,840
12,179
30,707
25,328
2216,145
2063,978
2235,764
69,858
185,123
337,357
246,113
43,528
20,688
378,113
407,292
740,643
100,573
100,824
44,749
66,419
436,524
218,284
299,416
937,831
987,803
32,770
1295,901
4628,653
7,748
11,177
9,973
675,683
28,138
1044,355
13,19
628,199
684,519
963,889
28,301
181,850
62,173
670,128
690,401
719,290
759,745
710,335
1257,696
1184,914
137,75
48,872
157,686
646,174
632,541
628,525
777,840
1063,629
13,66
485,654
61,395
93,607
261,127
9,432
823,774
1227,332
288,203
54,598
11,825
8024,591
48,420
161,780
14,387
306,166
554,87
422,721
304,683
422,712
434,678
6086,436
148,659
24,980
330,8
470,530
647,555
887,853
850,946
4837,996
5224,978
5049,880
136,502
313,120
437,450
398,608
393,460
630,242
560,825
870,79
521,984
1115,70
43,320
71,328
29,444
566,529
564,614
628,60
132,10
605,252
561,15
571,167
29,288
43,55
60,181
10,498
315,310
260,259
116,249
487,201
304,231
83,569
31,6
13,195
10,41
19,583
731,597
333,820
92,330
68,123
31,703
137,477
187,802
282,501
392,35
497,804
181,995
12,624
466,534
182,677
775,57
127,627
29,942
16,173
38,785
459,490
559,104
485,18
14,680
64,736
51,593
32,279
14,517
126,727
330,121
292,389
451,345
402,695
763,432
1065,823
411,282
332,387
58,428
104,257
15,269
886,743
1026,559
1596,851
1565,956
111,88
718,452
56,142
27,334
36,538
23,280
982,813
273,210
1064,561
23,410
42,633
51,97
129,283
65,846
13,777
7,534
443,904
478,837
907,406
970,360
1176,852
303,753
28,56
16,101
10,494
16,168
11,213
79,273
13,14
383,507
240,516
103,714
40,46
62,567
54,393
26,345
310,983
134,441
807,744
758,505
866,318
1643,546
1887,924
2075,727
1841,515
28,443
45,132
45,35
321,449
342,99
265,429
372,797
482,780
698,799
1001,637
15,591
29,306
36,651
10,755
48,786
500,797
457,946
686,243
718,383
790,360
280,332
11,600
26,52
226,119
29,224
164,289
503,437
31,10
90,396
77,204
368,471
13,538
19,400
22,31
385,98
387,104
386,52
1208,629
870,789
1432,574
91,620
21,756
99,469
28,561
7,111
954,28
875,234
1067,98
1095,891
1334,683
149,129
121,365
11,280
412,938
557,396
597,591
900,838
1472,638
1570,965
1185,945
16,60
166,416
49,770
31,506
927,253
1021,973
16,792
1264,607
434,257
763,21
42,656
265,55
15,594
485,38
116,291
777,589
553,409
1147,978
576,184
66,344
25,59
76,737
686,755
549,326
16,89
77,164
145,136
29,6
59,277
45,493
81,701
249,391
13,839
562,219
573,383
585,458
752,52
882,281
125,250
135,169
28,356
12,385
16,540
451,462
464,658
491,71
651,569
532,88
905,889
51,940
12,846
11,66
68,85
541,188
560,793
531,404
70,953
178,327
228,652
6,142
11,29
149,594
45,402
377,871
757,209
375,128
7,696
1065,657
569,268
57,740
379,247
357,26
80,922
506,629
470,9
482,614
535,91
714,442
997,714
35,682
21,452
14,778
12,425
19,913
1572,727
1113,570
11,724
1062,664
220,100
27,338
113,967
23,470
50,128
764,452
54,918
114,631
16,797
351,937
51,802
566,756
1251,912
41,159
118,455
131,395
139,152
137,352
288,273
180,576
167,3
31,487
178,104
260,131
290,94
87,759
987,391
38,60
33,493
194,889
34,627
34,557
57,146
101,305
108,784
722,181
750,828
810,346
1048,328
1967,893
1684,901
46,728
70,552
103,488
511,311
57,289
502,116
673,192
515,881
612,316
1268,577
31,761
81,112
30,746
399,527
499,411
447,177
1105,850
1136,611
572,395
518,400
123,285
16,351
62,498
173,927
216,811
34,473
21,492
44,469
66,527
59,349
50,220
65,427
186,984
17,615
464,936
422,227
946,519
873,425
468,122
580,17
22,89
45,150
192,966
134,718
93,273
959,236
960,739
1002,89
1357,712
1335,804
255,594
11,61
174,496
15,516
450,292
221,400
84,163
16,413
14,506
80,231
61,667
7,690
29,784
41,48
571,907
75,334
16,554
50,983
75,859
161,957
42,742
208,277
12,20
39,838
627,724
727,308
890,302
1955,942
1959,728
2026,577
13,135
73,941
96,306
18,626
736,296
733,662
1967,761
1867,825
2368,872
940,943
259,955
417,961
540,300
1066,787
1045,499
1454,694
60,863
467,266
953,578
1858,405
31,252
16,223
18,702
17,690
127,965
483,386
226,256
226,449
76,272
331,613
44,944
45,786
505,377
876,321
94,441
891,720
1287,608
1932,949
654,144
11267,860
148,576
54,750
43,360
69,84
11,5
464,5
933,299
889,625
114,810
921,640
16,819
12,316
203,280
14,590
12,51
22,345
510,570
17,370
591,881
16,42
74,986
8,305
246,200
378,8
432,787
837,756
1170,938
16,343
422,796
41,237
8,684
14,338
25,987
19,18
238,463
23,5
424,374
16,882
13,71
16,204
68,545
13,344
332,241
54,178
860,955
625,624
97,134
102,7
264,734
108,884
74,663
695,27
442,135
55,708
12,291
41,320
26,436
561,941
173,777
93,81
120,528
29,60
34,844
10,696
51,742
365,895
426,498
37,960
59,84
61,335
126,692
57,357
20,688
547,178
953,601
618,980
1498,736
1593,459
15,475
3049,559
22,903
114,506
370,925
398,594
649,831
308,667
610,770
51,75
11,209
316,224
43,503
156,155
40,742
220,835
84,610
18,662
1158,386
734,329
1066,919
13,131
5942,711
10,166
92,553
386,508
261,843
670,518
692,184
982,728
216,700
265,284
4753,787
307,127
370,137
198,391
18,829
62,43
19,748
14,144
2077,958
1531,119
351,156
125,75
20,742
220,23
289,628
318,471
435,5
1097,852
1348,347
215,700
357,4
114,834
27,522
435,239
474,780
1110,991
1361,713
1771,913
837,628
5383,956
7901,784
196,487
162,423
244,957
301,134
574,897
554,371
762,396
1202,769
1250,709
1558,765
31,977
84,337
9,91
10,883
134,279
14,540
680,283
631,546
229,373
7003,949
43,556
58,717
200,197
25,747
308,481
393,306
603,450
532,153
12,98
3529,834
125,348
437,581
30,228
12,308
333,657
43,552
1125,980
102,548
99,123
780,913
9,267
242,162
330,649
418,685
292,123
767,708
71,351
14,432
124,444
114,638
33,795
79,318
104,157
15,600
831,332
751,811
965,610
1757,237
1748,787
1886,941
123,280
40,579
183,366
42,463
1324,139
1297,0
1271,331
1442,197
1626,954
2772,61
46,90
178,742
340,114
472,938
498,181
502,301
424,62
1135,981
1148,693
159,905
24,505
37,965
43,270
47,18
458,134
503,847
448,761
683,934
1208,324
1243,951
13,976
45,633
18,859
11,21
1015,310
491,378
672,728
614,549
663,458
583,827
192,860
697,920
394,462
210,517
19,225
28,342
63,153
75,966
24,139
399,817
349,280
49,534
369,189
444,416
718,146
2261,822
2435,736
3107,437
3260,464
3628,959
20,443
102,420
31,472
469,783
17,837
593,924
1072,735
1238,559
1376,732
1417,690
29,58
40,15
71,105
15,183
454,909
699,473
751,296
1737,806
1700,736
367,649
46,130
13,533
61,28
11,802
529,842
23,771
423,71
365,30
249,828
15,270
31,706
34,2
51,917
31,68
698,244
653,606
662,650
1046,363
479,121
604,335
174,734
11,715
40,65
36,242
11,602
317,511
618,93
19,343
114,759
182,922
139,592
153,502
216,16
12,119
632,821
604,421
651,178
415,391
125,696
15,679
23,245
259,993
544,38
651,816
664,852
1461,872
1519,520
1931,355
1857,411
133,422
33,439
33,413
18,68
497,458
498,193
639,718
726,874
699,211
101,200
11,907
15,636
29,678
11,856
14,157
11,615
706,647
11,312
712,213
540,132
646,117
32,525
98,337
341,744
391,69
652,227
788,220
1550,373
1359,476
13,990
543,487
6,511
7,427
27,533
32,674
528,168
477,441
813,486
1006,833
54,15
771,601
29,4
52,657
109,802
109,801
387,279
472,606
450,808
326,425
948,730
712,648
179,512
17,394
10,182
29,627
10,950
890,745
253,47
272,127
8,13
13,206
17,940
172,572
302,64
287,359
328,2
809,271
22,77
660,92
646,509
15,652
269,320
20,462
195,914
341,79
1055,720
605,905
1483,999
1466,588
221,967
67,185
59,754
11,268
14,13
13,348
285,129
9,887
391,317
454,692
29,169
38,42
15,447
12,992
12,873
783,482
661,732
1183,804
116,147
30,775
809,558
11,61
188,661
107,915
697,708
573,665
497,122
418,284
11,926
8527,541
8605,256
8767,749
68,80
27,372
25,239
8,691
61,92
569,203
473,384
172,427
7666,819
7565,208
8,770
29,222
10,216
25,615
10,40
22,152
3808,138
4390,882
3753,686
4379,992
18,521
153,560
13,171
144,36
489,193
433,653
714,608
1474,768
14,135
1567,987
34,968
57,743
18,638
9,204
412,723
493,458
690,70
1126,942
14,269
10,270
82,946
250,425
1279,573
1337,992
1481,47
1508,662
1689,200
208,189
140,541
13,472
21,622
392,784
23,30
11,268
20,14
17,827
243,700
48,485
43,941
30,98
9,532
521,784
52,119
646,231
173,211
404,973
574,13
424,899
11,487
124,752
68,410
353,916
609,289
408,384
385,56
1207,568
1255,795
1393,503
12,815
354,159
205,41
398,718
359,191
1144,924
1164,726
1437,930
1739,586
1776,434
11,147
29,273
52,98
42,779
50,967
1104,615
754,223
1322,980
955,746
267,649
28,491
195,604
79,237
807,433
984,47
929,96
1121,715
1010,756
354,463
20,916
231,13
27,254
15,552
8,236
23,311
758,955
849,504
123,808
394,659
46,345
125,858
89,67
322,770
504,934
918,868
1301,927
299,48
281,689
13,354
72,401
40,937
447,775
19,864
11,402
112,651
32,644
34,736
35,703
56,255
99,57
29,699
436,759
557,610
21,375
744,401
805,305
105,843
68,827
3423,293
4734,974
